     |  0|  1|  2|  3|  4|  5|  6|  7|  8|  9| 10| 11| 12| 13| 14|
[  0]   0   3   5   4   4   3   3   5   5  10  10   7   1   9  10
[  1]   7   0   1   7  10  10   3   8   9   4   9   7  10   6   8
[  2]   2   2   0   2   7   6   9   1   1   9  10   1   5   3   6
[  3]   3   4   1   0   3   5   5  10   5   7   7  10   3   2   4
[  4]   2   5   8   4   0   7   8   3   9   9  10   5  10   9   7
[  5]   3   7   9   5  10   0   3   7  10   9   4   5   2   8   7
[  6]   5   5   8   4   7   8   0   9   4   3   8   8   6   3   4
[  7]   6   1   9   6   6   4   3   0  10   9   5   3  10   8   3
[  8]   7   4  10   5  10   7   5   4   0   3   1   4   2   8   9
[  9]   5   1   8   5   1   4   4   9   6   0  10   7   5   5   5
[ 10]   6   3   2   8   1   7   8   9   9   3   0   6   7  10   2
[ 11]   8   8   2   4   6   5   6   9   8   9   9   0   4   9   9
[ 12]   8  10   9   6   2  10   9   1  10   6   2   2   0   1   6
[ 13]   3   5   9   5   4   2   1   9   8   3   9   1  10   0   8
[ 14]   6   4   9   7   8  10   2   9   5   1   5   1   4   8   0
      Trasa: {  1  2  3  4  5  6  7  8  9 10 11 12 13 14 15 } Sum: 120
  Rodzic[1]: { 12  9  4  6  4 10  6  3  7  3  1  3  3  2  1 } Sum: 74
   Trasa[1]: { 12  9  4  7  5 15 10  3 14  6  1 11 13  8  2 } Sum: 120
  Rodzic[2]: {  4  9  9  3 11  1  5  6  6  4  2  1  2  1  1 } Sum: 65
   Trasa[2]: {  4 10 11  3 15  1  8 12 13  7  5  2  9  6 14 } Sum: 120
  Rodzic[3]: {  1 12 13  4 10  4  1  2  7  3  4  1  1  1  1 } Sum: 65
   Trasa[3]: {  1 13 15  5 12  6  2  4 14  8 10  3  7  9 11 } Sum: 120
  Rodzic[4]: {  6  5  8  1  3  2  6  7  3  2  1  2  1  1  1 } Sum: 49
   Trasa[4]: {  6  5 10  1  4  3 12 14  8  7  2 11  9 13 15 } Sum: 120
  Rodzic[5]: { 13 11  1  3  6  3  3  1  4  5  5  2  3  1  1 } Sum: 62
   Trasa[5]: { 13 11  1  4  8  5  6  2 10 14 15  7 12  3  9 } Sum: 120
  Rodzic[6]: { 10  4  7 11 10  3  3  4  7  3  5  1  3  1  1 } Sum: 73
   Trasa[6]: { 10  4  8 14 13  3  5  7 15  6 12  1 11  2  9 } Sum: 120
  Rodzic[7]: {  7 11  3  7  2 10  3  3  3  3  3  4  3  1  1 } Sum: 64
   Trasa[7]: {  7 12  3  9  2 15  5  6  8 10 11 14 13  1  4 } Sum: 120
  Rodzic[8]: { 13 13  3 10  4  5  2  2  6  2  3  4  3  1  1 } Sum: 72
   Trasa[8]: { 13 14  3 11  5  7  2  4 12  6  9 15 10  1  8 } Sum: 120
  Rodzic[9]: { 13 10  4  4  5  2  7  7  4  2  2  4  3  1  1 } Sum: 69
   Trasa[9]: { 13 10  4  5  7  2 12 14  8  3  6 15 11  1  9 } Sum: 120
 Rodzic[10]: { 13  2  6 11  5  1  5  1  2  1  5  2  1  1  1 } Sum: 57
  Trasa[10]: { 13  2  7 14  6  1  9  3  5  4 15 10  8 11 12 } Sum: 120
 Rodzic[11]: { 15 14  2  3  1  9  4  6  2  2  3  4  2  1  1 } Sum: 69
  Trasa[11]: { 15 14  2  4  1 12  7 10  5  6  9 13  8  3 11 } Sum: 120
 Rodzic[12]: {  5 13  8  5  8  9  3  5  6  4  3  4  3  2  1 } Sum: 79
  Trasa[12]: {  5 14  9  6 11 13  3  8 12  7  4 15 10  2  1 } Sum: 120
 Rodzic[13]: {  8  2  5  2  1  5  8  5  2  1  5  4  3  1  1 } Sum: 53
  Trasa[13]: {  8  2  6  3  1 10 14 11  5  4 15 13 12  7  9 } Sum: 120
 Rodzic[14]: { 15  3  5  8  6  5  7  3  4  4  4  1  3  1  1 } Sum: 70
  Trasa[14]: { 15  3  6 10  8  7 12  4  9 11 13  1 14  2  5 } Sum: 120
 Rodzic[15]: {  2  8 10  4 11  7  2  1  7  3  4  1  1  2  1 } Sum: 64
  Trasa[15]: {  2  9 12  5 15 10  3  1 14  7 11  4  6 13  8 } Sum: 120
 Rodzic[16]: { 10  8  7  9 10  2  7  6  2  6  2  2  1  1  1 } Sum: 74
  Trasa[16]: { 10  8  7 12 14  2 11  9  3 15  4  5  1  6 13 } Sum: 120
 Rodzic[17]: {  9 12  7 11  6  5  5  6  3  4  1  2  1  2  1 } Sum: 75
  Trasa[17]: {  9 13  7 14  6  5  8 11  3 10  1  4  2 15 12 } Sum: 120
 Rodzic[18]: {  5 14 13  5  3 10  7  8  1  6  2  4  3  1  1 } Sum: 83
  Trasa[18]: {  5 15 14  6  3 13 10 12  1 11  4  9  8  2  7 } Sum: 120
 Rodzic[19]: {  6 12  1  7  7 10  5  1  7  6  4  4  1  2  1 } Sum: 74
  Trasa[19]: {  6 13  1  9 10 15  7  2 14 12  8 11  3  5  4 } Sum: 120
 Rodzic[20]: {  4 14 10  7  2  8  4  3  7  6  2  1  2  2  1 } Sum: 73
  Trasa[20]: {  4 15 11  8  2 12  6  5 14 13  3  1  9 10  7 } Sum: 120
 Rodzic[21]: { 12  9  7  9  8  1  3  5  4  3  4  1  2  1  1 } Sum: 70
  Trasa[21]: { 12  9  7 11 10  1  4  8  6  5 14  2 13  3 15 } Sum: 120
 Rodzic[22]: {  1  2 10  5  9  7  7  1  2  5  4  4  3  1  1 } Sum: 62
  Trasa[22]: {  1  3 12  7 13 10 11  2  5 14  9 15  8  4  6 } Sum: 120
 Rodzic[23]: { 14  2  4  7  5  9  3  3  3  6  1  1  2  2  1 } Sum: 63
  Trasa[23]: { 14  2  5  9  7 13  4  6  8 15  1  3 11 12 10 } Sum: 120
 Rodzic[24]: {  7  4 12  1  4  3  3  7  1  6  2  4  3  2  1 } Sum: 60
  Trasa[24]: {  7  4 14  1  6  5  8 13  2 15  9 12 11 10  3 } Sum: 120
 Rodzic[25]: {  6 10 13 10  1  3  6  4  2  1  4  3  3  2  1 } Sum: 69
  Trasa[25]: {  6 11 15 12  1  4  9  7  3  2 13 10 14  8  5 } Sum: 120
 Rodzic[26]: { 11 12  3  7  1 10  6  8  7  5  4  4  3  1  1 } Sum: 83
  Trasa[26]: { 11 13  3  8  1 15  9 14 12  7  6 10  5  2  4 } Sum: 120
 Rodzic[27]: { 15  6  3  8  1  6  9  6  7  3  1  2  1  2  1 } Sum: 71
  Trasa[27]: { 15  6  3 10  1  9 14 11 13  5  2  7  4 12  8 } Sum: 120
 Rodzic[28]: {  1 11  6 10  4  6  2  3  5  5  4  4  1  1  1 } Sum: 64
  Trasa[28]: {  1 12  7 13  5  9  3  6 11 14 10 15  2  4  8 } Sum: 120
 Rodzic[29]: { 12  5  3  4  5  6  5  7  7  1  3  2  3  1  1 } Sum: 65
  Trasa[29]: { 12  5  3  6  8 10  9 14 15  1  7  4 13  2 11 } Sum: 120
 Rodzic[30]: { 13 13  6  8 10  8  9  2  2  6  3  2  3  2  1 } Sum: 88
  Trasa[30]: { 13 14  6  9 12 10 15  2  3 11  5  4  8  7  1 } Sum: 120
 Rodzic[31]: { 12  6 11  3  5  6  8  6  2  5  1  3  2  1  1 } Sum: 72
  Trasa[31]: { 12  6 13  3  7  9 14 10  2 11  1  8  5  4 15 } Sum: 120
 Rodzic[32]: { 12  6  4 11 10  2  5  7  3  2  5  2  2  2  1 } Sum: 74
  Trasa[32]: { 12  6  4 14 13  2  8 11  5  3 15  7  9 10  1 } Sum: 120
 Rodzic[33]: {  1  5 11  2  8  9  1  5  2  2  5  1  1  1  1 } Sum: 55
  Trasa[33]: {  1  6 13  3 11 14  2  9  5  7 15  4  8 10 12 } Sum: 120
 Rodzic[34]: { 11  9  8  5  4  8  4  7  5  4  3  4  1  2  1 } Sum: 76
  Trasa[34]: { 11  9  8  5  4 13  6 14 10  7  3 15  1 12  2 } Sum: 120
 Rodzic[35]: {  1 10  3  1  1  3  7  7  7  6  5  3  1  1  1 } Sum: 57
  Trasa[35]: {  1 11  4  2  3  7 13 14 15 12 10  8  5  6  9 } Sum: 120
 Rodzic[36]: {  4 13 13  8 11  4  2  6  5  4  1  3  1  1  1 } Sum: 77
  Trasa[36]: {  4 14 15  9 13  5  2 10  8  7  1 11  3  6 12 } Sum: 120
 Rodzic[37]: { 11  5  9 12  9  2  5  4  1  6  1  4  2  2  1 } Sum: 74
  Trasa[37]: { 11  5 10 15 12  2  7  6  1 14  3 13  8  9  4 } Sum: 120
 Rodzic[38]: { 10  9  7  9  8  3  6  6  5  5  5  4  3  1  1 } Sum: 82
  Trasa[38]: { 10  9  7 12 11  3  8 13  6 14 15  5  4  1  2 } Sum: 120
 Rodzic[39]: {  1  9 12  4  1  5  2  6  3  6  5  4  3  2  1 } Sum: 64
  Trasa[39]: {  1 10 14  5  2  8  4 12  7 15 13 11  9  6  3 } Sum: 120
 Rodzic[40]: { 13 14  6  1 10  3  1  1  1  3  1  4  2  1  1 } Sum: 62
  Trasa[40]: { 13 15  6  1 12  4  2  3  5  9  7 14 10  8 11 } Sum: 120
 Rodzic[41]: { 11 12  2 12  4  3  4  5  1  6  5  4  3  2  1 } Sum: 75
  Trasa[41]: { 11 13  2 15  5  4  7  9  1 14 12 10  8  6  3 } Sum: 120
 Rodzic[42]: {  5  9 12  9  7  9  8  5  3  5  5  3  1  1  1 } Sum: 83
  Trasa[42]: {  5 10 14 11  8 13 12  6  3  9 15  4  1  2  7 } Sum: 120
 Rodzic[43]: {  8  7  3  2 11  2  9  4  6  6  4  2  1  1  1 } Sum: 67
  Trasa[43]: {  8  7  3  2 15  4 14  9 12 13 10  5  1  6 11 } Sum: 120
 Rodzic[44]: { 14  8  3 11  7  2  7  4  4  3  2  3  1  1  1 } Sum: 71
  Trasa[44]: { 14  8  3 13  9  2 11  6  7  5  4 12  1 10 15 } Sum: 120
 Rodzic[45]: {  7  4  1 10  1  4  1  5  5  5  1  3  3  2  1 } Sum: 53
  Trasa[45]: {  7  4  1 13  2  8  3 11 12 14  5 10 15  9  6 } Sum: 120
 Rodzic[46]: { 13  1  2  2  6  6  7  7  5  1  5  1  2  1  1 } Sum: 60
  Trasa[46]: { 13  1  3  4  9 10 12 14  8  2 15  5  7  6 11 } Sum: 120
 Rodzic[47]: { 15 12 10  3 11 10  9  5  7  5  3  4  1  1  1 } Sum: 97
  Trasa[47]: { 15 12 10  3 14 13 11  6  9  7  4  8  1  2  5 } Sum: 120
 Rodzic[48]: { 13  8 12  1  2  9  6  4  3  2  1  3  2  2  1 } Sum: 69
  Trasa[48]: { 13  8 14  1  3 12  9  6  5  4  2 11 10 15  7 } Sum: 120
 Rodzic[49]: { 11 14 13 12  1 10  6  7  7  5  3  1  3  1  1 } Sum: 95
  Trasa[49]: { 11 15 14 13  1 12  7  9 10  6  4  2  8  3  5 } Sum: 120
 Rodzic[50]: {  3  5  9  8  3  5  9  1  2  5  5  3  2  2  1 } Sum: 63
  Trasa[50]: {  3  6 11 10  4  8 15  1  5 13 14  9  7 12  2 } Sum: 120
 Rodzic[51]: {  9  7  1  5  7  4  8  8  6  3  5  2  2  1  1 } Sum: 69
  Trasa[51]: {  9  7  1  6 11  5 14 15 12  4 13  3  8  2 10 } Sum: 120
 Rodzic[52]: {  9  1  7  2 11  4  3  8  5  4  2  4  2  2  1 } Sum: 65
  Trasa[52]: {  9  1  8  3 15  6  5 14 11 10  4 13  7 12  2 } Sum: 120
 Rodzic[53]: { 12  2  1  6  7  2  3  4  6  2  3  3  2  1  1 } Sum: 55
  Trasa[53]: { 12  2  1  8 10  4  6  9 14  5 11 13  7  3 15 } Sum: 120
 Rodzic[54]: {  7  4 10 12  9 10  6  2  3  5  4  1  1  2  1 } Sum: 77
  Trasa[54]: {  7  4 12 15 11 14  8  2  5 10  9  1  3 13  6 } Sum: 120
 Rodzic[55]: { 14  8  1  8  8  3  2  6  3  3  4  3  3  1  1 } Sum: 68
  Trasa[55]: { 14  8  1 10 11  4  3 12  6  7 13  9 15  2  5 } Sum: 120
 Rodzic[56]: {  5  4  8  5 10  1  5  3  6  3  1  3  1  2  1 } Sum: 58
  Trasa[56]: {  5  4 10  7 14  1  9  6 13  8  2 12  3 15 11 } Sum: 120
 Rodzic[57]: { 12  4 11  7 10  8  6  2  2  6  5  1  1  2  1 } Sum: 78
  Trasa[57]: { 12  4 13  8 14 10  7  2  3 15 11  1  5  9  6 } Sum: 120
 Rodzic[58]: { 13  4  4  3  3  6  8  1  2  2  2  1  1  2  1 } Sum: 53
  Trasa[58]: { 13  4  5  3  6 10 14  1  7  8  9  2 11 15 12 } Sum: 120
 Rodzic[59]: { 11 10  7  1  4  6  9  2  5  2  4  4  2  1  1 } Sum: 69
  Trasa[59]: { 11 10  7  1  5  9 15  3 12  4 13 14  6  2  8 } Sum: 120
 Rodzic[60]: {  2 11  8  9 11  9  5  5  1  6  2  2  3  2  1 } Sum: 77
  Trasa[60]: {  2 12  9 11 15 13  6  7  1 14  4  5 10  8  3 } Sum: 120
 Rodzic[61]: {  1  9  4  8  8  1  5  4  3  5  5  3  3  2  1 } Sum: 62
  Trasa[61]: {  1 10  5 11 12  2  8  7  6 14 15  9 13  4  3 } Sum: 120
 Rodzic[62]: { 10  1  7  4  1  8  1  4  5  3  2  1  1  1  1 } Sum: 50
  Trasa[62]: { 10  1  8  5  2 13  3  9 12  7  6  4 11 14 15 } Sum: 120
 Rodzic[63]: {  9  8  9 10  9  4  1  1  7  1  2  2  2  2  1 } Sum: 68
  Trasa[63]: {  9  8 11 13 12  4  1  2 15  3  6  7 10 14  5 } Sum: 120
 Rodzic[64]: {  6 12 11  5  2  9  9  1  4  1  3  1  2  2  1 } Sum: 69
  Trasa[64]: {  6 13 12  5  2 14 15  1  8  3  9  4 10 11  7 } Sum: 120
 Rodzic[65]: { 15 12  5  6  1  5  8  7  1  1  5  2  2  2  1 } Sum: 73
  Trasa[65]: { 15 12  5  7  1  8 13 11  2  3 14  6  9 10  4 } Sum: 120
 Rodzic[66]: {  2  8  1  9  2  4  1  7  5  6  1  1  1  2  1 } Sum: 51
  Trasa[66]: {  2  9  1 12  4  7  3 14 11 15  5  6  8 13 10 } Sum: 120
 Rodzic[67]: {  2  8  5  9  8  6  1  1  5  5  2  1  3  2  1 } Sum: 59
  Trasa[67]: {  2  9  6 12 11  8  1  3 13 14  5  4 15 10  7 } Sum: 120
 Rodzic[68]: { 12 11  7  9  3  5  9  8  1  5  5  2  2  1  1 } Sum: 81
  Trasa[68]: { 12 11  7 10  3  6 15 14  1  9 13  4  5  2  8 } Sum: 120
 Rodzic[69]: {  3  6  5 11  5  4  8  5  5  1  4  1  2  1  1 } Sum: 62
  Trasa[69]: {  3  7  6 14  8  5 13 10 11  1 12  2  9  4 15 } Sum: 120
 Rodzic[70]: { 14  3  6  1  7  6  1  8  4  3  1  3  2  1  1 } Sum: 61
  Trasa[70]: { 14  3  7  1 10  9  2 15  8  6  4 12 11  5 13 } Sum: 120
 Rodzic[71]: {  8 10 12  6  1  9  9  2  4  3  4  2  3  1  1 } Sum: 75
  Trasa[71]: {  8 11 14  6  1 13 15  3  7  5 10  4 12  2  9 } Sum: 120
 Rodzic[72]: {  1  6  2  1 11 10  1  8  2  5  4  4  1  1  1 } Sum: 58
  Trasa[72]: {  1  7  3  2 15 14  4 13  6 11 10 12  5  8  9 } Sum: 120
 Rodzic[73]: { 15 14 11  9  9  7  1  1  2  2  1  3  1  2  1 } Sum: 79
  Trasa[73]: { 15 14 11  9 10  7  1  2  4  5  3 12  6 13  8 } Sum: 120
 Rodzic[74]: { 11 14  5  4 10  9  8  1  3  6  4  3  1  2  1 } Sum: 82
  Trasa[74]: { 11 15  5  4 13 12 10  1  6 14  8  7  2  9  3 } Sum: 120
 Rodzic[75]: {  7  1 11  1  9  7  3  5  5  1  3  1  1  1  1 } Sum: 57
  Trasa[75]: {  7  1 13  2 12 10  5  9 11  3  8  4  6 14 15 } Sum: 120
 Rodzic[76]: {  3 13 13  4 10  4  2  3  4  3  1  2  2  2  1 } Sum: 67
  Trasa[76]: {  3 14 15  5 12  6  2  7  9  8  1 10 11 13  4 } Sum: 120
 Rodzic[77]: { 10 13 12  3  6  5  6  2  3  1  5  2  2  1  1 } Sum: 72
  Trasa[77]: { 10 14 13  3  7  6  9  2  5  1 15  8 11  4 12 } Sum: 120
 Rodzic[78]: {  6  4  9 10  7  9  8  4  7  3  4  3  2  1  1 } Sum: 78
  Trasa[78]: {  6  4 11 13  9 14 12  5 15  3  8  7  2  1 10 } Sum: 120
 Rodzic[79]: {  9  7  1  5  3  4  8  6  1  3  3  3  2  1  1 } Sum: 57
  Trasa[79]: {  9  7  1  6  4  8 14 12  2 10 11 13  5  3 15 } Sum: 120
 Rodzic[80]: {  8 13  6  6  1 10  9  2  5  2  4  3  1  1  1 } Sum: 72
  Trasa[80]: {  8 14  6  7  1 15 13  3 10  4 11  9  2  5 12 } Sum: 120
 Rodzic[81]: { 14  7  6 10  2  5  6  8  1  3  1  1  2  2  1 } Sum: 69
  Trasa[81]: { 14  7  6 12  2  8 10 15  1  5  3  4 11 13  9 } Sum: 120
 Rodzic[82]: {  2  5  3 12  5  8  8  1  7  2  4  2  1  1  1 } Sum: 62
  Trasa[82]: {  2  6  4 15  8 12 13  1 14  5 10  7  3  9 11 } Sum: 120
 Rodzic[83]: { 12 10  9  8  3  7  8  6  7  5  3  4  2  2  1 } Sum: 87
  Trasa[83]: { 12 10  9  8  3 11 14  7 15  6  4 13  2  5  1 } Sum: 120
 Rodzic[84]: { 14  1  4 12  8  3  2  3  2  5  2  2  2  2  1 } Sum: 63
  Trasa[84]: { 14  1  5 15 10  4  3  7  6 12  8  9 11 13  2 } Sum: 120
 Rodzic[85]: {  8  2  1  9  4  3  1  3  6  3  5  3  3  1  1 } Sum: 53
  Trasa[85]: {  8  2  1 12  6  5  3  9 14 10 15 11 13  4  7 } Sum: 120
 Rodzic[86]: {  6  5  5  5  4  3  2  8  1  5  4  4  1  1  1 } Sum: 55
  Trasa[86]: {  6  5  7  8  4  3  2 15  1 13 12 14  9 10 11 } Sum: 120
 Rodzic[87]: {  9 13  6 11  3 10  2  7  6  6  4  1  2  2  1 } Sum: 83
  Trasa[87]: {  9 14  6 13  3 15  2 11 10 12  7  1  5  8  4 } Sum: 120
 Rodzic[88]: {  4 12  2 11  5  7  1  7  4  6  5  1  3  1  1 } Sum: 70
  Trasa[88]: {  4 13  2 14  7 10  1 12  8 15 11  3  9  5  6 } Sum: 120
 Rodzic[89]: {  1  5 13  5  1  7  8  8  1  1  3  4  1  1  1 } Sum: 60
  Trasa[89]: {  1  6 15  7  2 11 13 14  3  4  9 12  5  8 10 } Sum: 120
 Rodzic[90]: { 10  7 10  2  8  7  7  2  5  6  3  3  2  2  1 } Sum: 75
  Trasa[90]: { 10  7 12  2 11  9 13  3  8 15  5  6  4 14  1 } Sum: 120
 Rodzic[91]: {  7  8 12  2  4  8  8  4  7  2  1  4  3  1  1 } Sum: 72
  Trasa[91]: {  7  9 14  2  5 12 13  6 15  3  1 11 10  4  8 } Sum: 120
 Rodzic[92]: { 11  2  6  7  5  6  2  8  1  5  3  1  3  2  1 } Sum: 63
  Trasa[92]: { 11  2  7  9  6 10  3 15  1 13  8  4 14 12  5 } Sum: 120
 Rodzic[93]: { 11  2 12  6  4  1  4  5  1  3  4  3  2  1  1 } Sum: 60
  Trasa[93]: { 11  2 14  7  5  1  8 10  3  9 13 12  6  4 15 } Sum: 120
 Rodzic[94]: {  9  6 13 11 10  4  5  5  4  6  1  4  2  1  1 } Sum: 82
  Trasa[94]: {  9  6 15 13 12  4  7  8  5 14  1 11  3  2 10 } Sum: 120
 Rodzic[95]: {  7  1 10  3 11 10  7  7  3  5  3  3  3  1  1 } Sum: 75
  Trasa[95]: {  7  1 12  4 15 14 10 11  5  9  6  8 13  2  3 } Sum: 120
 Rodzic[96]: { 15  1 12 11 10  1  4  6  7  4  1  2  1  1  1 } Sum: 77
  Trasa[96]: { 15  1 13 12 11  2  6  9 14  7  3  5  4  8 10 } Sum: 120
 Rodzic[97]: { 11 13  4  6  6 10  1  1  5  3  3  3  2  2  1 } Sum: 71
  Trasa[97]: { 11 14  4  7  8 15  1  2 10  6  9 12  5 13  3 } Sum: 120
 Rodzic[98]: {  1  3  4  3  6  4  6  4  1  2  5  3  1  2  1 } Sum: 46
  Trasa[98]: {  1  4  6  5 10  8 12  9  2  7 15 13  3 14 11 } Sum: 120
 Rodzic[99]: {  3  2  1  8  8  7  1  4  4  1  1  4  1  2  1 } Sum: 48
  Trasa[99]: {  3  2  1 11 12 10  4  8  9  5  6 15  7 14 13 } Sum: 120
Rodzic[100]: {  5  7  5  3  7  7  7  6  2  6  5  4  2  1  1 } Sum: 68
 Trasa[100]: {  5  8  6  3 11 12 13 10  2 15 14  9  4  1  7 } Sum: 120
----------------------------------------------------------------
 Ciąg[0]: { 12  9  4  6  4 10  6  3  7  3  1  3  3  2  1 } Sum: 74
 Ciąg[1]: {  4  9  9  3 11  1  5  6  6  4  2  1  2  1  1 } Sum: 65
Trasa[0]: { 12  9  4  7  5 15 10  3 14  6  1 11 13  8  2 } Sum: 120
Trasa[1]: {  4 10 11  3 15  1  8 12 13  7  5  2  9  6 14 } Sum: 120
Krzyzowanie, punkt przeciecia = 11:
 Ciąg[0]: {  4  9  9  3 11  1  5  6  6  4  2  3  3  2  1 } Sum: 69
 Ciąg[1]: { 12  9  4  6  4 10  6  3  7  3  1  1  2  1  1 } Sum: 70
Trasa[0]: {  4 10 11  3 15  1  8 12 13  7  5  9 14  6  2 } Sum: 120
Trasa[1]: { 12  9  4  7  5 15 10  3 14  6  1  2 11  8 13 } Sum: 120
----------------------------------------------------------------
 Ciąg[1]: { 12  9  4  6  4 10  6  3  7  3  1  1  2  1  1 } Sum: 70
 Ciąg[2]: {  1 12 13  4 10  4  1  2  7  3  4  1  1  1  1 } Sum: 65
Trasa[1]: { 12  9  4  7  5 15 10  3 14  6  1  2 11  8 13 } Sum: 120
Trasa[2]: {  1 13 15  5 12  6  2  4 14  8 10  3  7  9 11 } Sum: 120
Krzyzowanie, punkt przeciecia = 1:
 Ciąg[1]: {  1  9  4  6  4 10  6  3  7  3  1  1  2  1  1 } Sum: 59
 Ciąg[2]: { 12 12 13  4 10  4  1  2  7  3  4  1  1  1  1 } Sum: 76
Trasa[1]: {  1 10  5  8  6 15 11  4 14  7  2  3 12  9 13 } Sum: 120
Trasa[2]: { 12 13 15  4 11  5  1  3 14  7  9  2  6  8 10 } Sum: 120
----------------------------------------------------------------
 Ciąg[2]: { 12 12 13  4 10  4  1  2  7  3  4  1  1  1  1 } Sum: 76
 Ciąg[3]: {  6  5  8  1  3  2  6  7  3  2  1  2  1  1  1 } Sum: 49
Trasa[2]: { 12 13 15  4 11  5  1  3 14  7  9  2  6  8 10 } Sum: 120
Trasa[3]: {  6  5 10  1  4  3 12 14  8  7  2 11  9 13 15 } Sum: 120
Krzyzowanie, punkt przeciecia = 6:
 Ciąg[2]: {  6  5  8  1  3  2  1  2  7  3  4  1  1  1  1 } Sum: 46
 Ciąg[3]: { 12 12 13  4 10  4  6  7  3  2  1  2  1  1  1 } Sum: 79
Trasa[2]: {  6  5 10  1  4  3  2  8 15 11 13  7  9 12 14 } Sum: 120
Trasa[3]: { 12 13 15  4 11  5  8 10  3  2  1  7  6  9 14 } Sum: 120
----------------------------------------------------------------
 Ciąg[3]: { 12 12 13  4 10  4  6  7  3  2  1  2  1  1  1 } Sum: 79
 Ciąg[4]: { 13 11  1  3  6  3  3  1  4  5  5  2  3  1  1 } Sum: 62
Trasa[3]: { 12 13 15  4 11  5  8 10  3  2  1  7  6  9 14 } Sum: 120
Trasa[4]: { 13 11  1  4  8  5  6  2 10 14 15  7 12  3  9 } Sum: 120
Krzyzowanie, punkt przeciecia = 12:
 Ciąg[3]: { 13 11  1  3  6  3  3  1  4  5  5  2  1  1  1 } Sum: 60
 Ciąg[4]: { 12 12 13  4 10  4  6  7  3  2  1  2  3  1  1 } Sum: 81
Trasa[3]: { 13 11  1  4  8  5  6  2 10 14 15  7  3  9 12 } Sum: 120
Trasa[4]: { 12 13 15  4 11  5  8 10  3  2  1  7 14  6  9 } Sum: 120
----------------------------------------------------------------
 Ciąg[4]: { 12 12 13  4 10  4  6  7  3  2  1  2  3  1  1 } Sum: 81
 Ciąg[5]: { 10  4  7 11 10  3  3  4  7  3  5  1  3  1  1 } Sum: 73
Trasa[4]: { 12 13 15  4 11  5  8 10  3  2  1  7 14  6  9 } Sum: 120
Trasa[5]: { 10  4  8 14 13  3  5  7 15  6 12  1 11  2  9 } Sum: 120
Krzyzowanie, punkt przeciecia = 12:
 Ciąg[4]: { 10  4  7 11 10  3  3  4  7  3  5  1  3  1  1 } Sum: 73
 Ciąg[5]: { 12 12 13  4 10  4  6  7  3  2  1  2  3  1  1 } Sum: 81
Trasa[4]: { 10  4  8 14 13  3  5  7 15  6 12  1 11  2  9 } Sum: 120
Trasa[5]: { 12 13 15  4 11  5  8 10  3  2  1  7 14  6  9 } Sum: 120
----------------------------------------------------------------
 Ciąg[5]: { 12 12 13  4 10  4  6  7  3  2  1  2  3  1  1 } Sum: 81
 Ciąg[6]: {  7 11  3  7  2 10  3  3  3  3  3  4  3  1  1 } Sum: 64
Trasa[5]: { 12 13 15  4 11  5  8 10  3  2  1  7 14  6  9 } Sum: 120
Trasa[6]: {  7 12  3  9  2 15  5  6  8 10 11 14 13  1  4 } Sum: 120
Krzyzowanie, punkt przeciecia = 5:
 Ciąg[5]: {  7 11  3  7  2  4  6  7  3  2  1  2  3  1  1 } Sum: 60
 Ciąg[6]: { 12 12 13  4 10 10  3  3  3  3  3  4  3  1  1 } Sum: 85
Trasa[5]: {  7 12  3  9  2  6 11 14  5  4  1 10 15  8 13 } Sum: 120
Trasa[6]: { 12 13 15  4 11 14  3  5  6  7  8 10  9  1  2 } Sum: 120
----------------------------------------------------------------
 Ciąg[6]: { 12 12 13  4 10 10  3  3  3  3  3  4  3  1  1 } Sum: 85
 Ciąg[7]: { 13 13  3 10  4  5  2  2  6  2  3  4  3  1  1 } Sum: 72
Trasa[6]: { 12 13 15  4 11 14  3  5  6  7  8 10  9  1  2 } Sum: 120
Trasa[7]: { 13 14  3 11  5  7  2  4 12  6  9 15 10  1  8 } Sum: 120
Krzyzowanie, punkt przeciecia = 11:
 Ciąg[6]: { 13 13  3 10  4  5  2  2  6  2  3  4  3  1  1 } Sum: 72
 Ciąg[7]: { 12 12 13  4 10 10  3  3  3  3  3  4  3  1  1 } Sum: 85
Trasa[6]: { 13 14  3 11  5  7  2  4 12  6  9 15 10  1  8 } Sum: 120
Trasa[7]: { 12 13 15  4 11 14  3  5  6  7  8 10  9  1  2 } Sum: 120
----------------------------------------------------------------
 Ciąg[7]: { 12 12 13  4 10 10  3  3  3  3  3  4  3  1  1 } Sum: 85
 Ciąg[8]: { 13 10  4  4  5  2  7  7  4  2  2  4  3  1  1 } Sum: 69
Trasa[7]: { 12 13 15  4 11 14  3  5  6  7  8 10  9  1  2 } Sum: 120
Trasa[8]: { 13 10  4  5  7  2 12 14  8  3  6 15 11  1  9 } Sum: 120
Krzyzowanie, punkt przeciecia = 7:
 Ciąg[7]: { 13 10  4  4  5  2  7  3  3  3  3  4  3  1  1 } Sum: 66
 Ciąg[8]: { 12 12 13  4 10 10  3  7  4  2  2  4  3  1  1 } Sum: 88
Trasa[7]: { 13 10  4  5  7  2 12  6  8  9 11 15 14  1  3 } Sum: 120
Trasa[8]: { 12 13 15  4 11 14  3  9  6  2  5 10  8  1  7 } Sum: 120
----------------------------------------------------------------
 Ciąg[8]: { 12 12 13  4 10 10  3  7  4  2  2  4  3  1  1 } Sum: 88
 Ciąg[9]: { 13  2  6 11  5  1  5  1  2  1  5  2  1  1  1 } Sum: 57
Trasa[8]: { 12 13 15  4 11 14  3  9  6  2  5 10  8  1  7 } Sum: 120
Trasa[9]: { 13  2  7 14  6  1  9  3  5  4 15 10  8 11 12 } Sum: 120
Krzyzowanie, punkt przeciecia = 4:
 Ciąg[8]: { 13  2  6 11 10 10  3  7  4  2  2  4  3  1  1 } Sum: 79
 Ciąg[9]: { 12 12 13  4  5  1  5  1  2  1  5  2  1  1  1 } Sum: 66
Trasa[8]: { 13  2  7 14 12 15  4 10  6  3  5 11  9  1  8 } Sum: 120
Trasa[9]: { 12 13 15  4  6  1  8  2  5  3 14  9  7 10 11 } Sum: 120
----------------------------------------------------------------
 Ciąg[9]: { 12 12 13  4  5  1  5  1  2  1  5  2  1  1  1 } Sum: 66
 Ciąg[10]: { 15 14  2  3  1  9  4  6  2  2  3  4  2  1  1 } Sum: 69
Trasa[9]: { 12 13 15  4  6  1  8  2  5  3 14  9  7 10 11 } Sum: 120
Trasa[10]: { 15 14  2  4  1 12  7 10  5  6  9 13  8  3 11 } Sum: 120
Krzyzowanie, punkt przeciecia = 11:
 Ciąg[9]: { 15 14  2  3  1  9  4  6  2  2  3  2  1  1  1 } Sum: 66
 Ciąg[10]: { 12 12 13  4  5  1  5  1  2  1  5  4  2  1  1 } Sum: 69
Trasa[9]: { 15 14  2  4  1 12  7 10  5  6  9  8  3 11 13 } Sum: 120
Trasa[10]: { 12 13 15  4  6  1  8  2  5  3 14 11  9  7 10 } Sum: 120
----------------------------------------------------------------
 Ciąg[10]: { 12 12 13  4  5  1  5  1  2  1  5  4  2  1  1 } Sum: 69
 Ciąg[11]: {  5 13  8  5  8  9  3  5  6  4  3  4  3  2  1 } Sum: 79
Trasa[10]: { 12 13 15  4  6  1  8  2  5  3 14 11  9  7 10 } Sum: 120
Trasa[11]: {  5 14  9  6 11 13  3  8 12  7  4 15 10  2  1 } Sum: 120
Krzyzowanie, punkt przeciecia = 12:
 Ciąg[10]: {  5 13  8  5  8  9  3  5  6  4  3  4  2  1  1 } Sum: 77
 Ciąg[11]: { 12 12 13  4  5  1  5  1  2  1  5  4  3  2  1 } Sum: 71
Trasa[10]: {  5 14  9  6 11 13  3  8 12  7  4 15  2  1 10 } Sum: 120
Trasa[11]: { 12 13 15  4  6  1  8  2  5  3 14 11 10  9  7 } Sum: 120
----------------------------------------------------------------
 Ciąg[11]: { 12 12 13  4  5  1  5  1  2  1  5  4  3  2  1 } Sum: 71
 Ciąg[12]: {  8  2  5  2  1  5  8  5  2  1  5  4  3  1  1 } Sum: 53
Trasa[11]: { 12 13 15  4  6  1  8  2  5  3 14 11 10  9  7 } Sum: 120
Trasa[12]: {  8  2  6  3  1 10 14 11  5  4 15 13 12  7  9 } Sum: 120
Krzyzowanie, punkt przeciecia = 10:
 Ciąg[11]: {  8  2  5  2  1  5  8  5  2  1  5  4  3  2  1 } Sum: 54
 Ciąg[12]: { 12 12 13  4  5  1  5  1  2  1  5  4  3  1  1 } Sum: 70
Trasa[11]: {  8  2  6  3  1 10 14 11  5  4 15 13 12  9  7 } Sum: 120
Trasa[12]: { 12 13 15  4  6  1  8  2  5  3 14 11 10  7  9 } Sum: 120
----------------------------------------------------------------
 Ciąg[12]: { 12 12 13  4  5  1  5  1  2  1  5  4  3  1  1 } Sum: 70
 Ciąg[13]: { 15  3  5  8  6  5  7  3  4  4  4  1  3  1  1 } Sum: 70
Trasa[12]: { 12 13 15  4  6  1  8  2  5  3 14 11 10  7  9 } Sum: 120
Trasa[13]: { 15  3  6 10  8  7 12  4  9 11 13  1 14  2  5 } Sum: 120
Krzyzowanie, punkt przeciecia = 9:
 Ciąg[12]: { 15  3  5  8  6  5  7  3  4  1  5  4  3  1  1 } Sum: 71
 Ciąg[13]: { 12 12 13  4  5  1  5  1  2  4  4  1  3  1  1 } Sum: 69
Trasa[12]: { 15  3  6 10  8  7 12  4  9  1 14 13 11  2  5 } Sum: 120
Trasa[13]: { 12 13 15  4  6  1  8  2  5 10 11  3 14  7  9 } Sum: 120
----------------------------------------------------------------
 Ciąg[13]: { 12 12 13  4  5  1  5  1  2  4  4  1  3  1  1 } Sum: 69
 Ciąg[14]: {  2  8 10  4 11  7  2  1  7  3  4  1  1  2  1 } Sum: 64
Trasa[13]: { 12 13 15  4  6  1  8  2  5 10 11  3 14  7  9 } Sum: 120
Trasa[14]: {  2  9 12  5 15 10  3  1 14  7 11  4  6 13  8 } Sum: 120
Krzyzowanie, punkt przeciecia = 7:
 Ciąg[13]: {  2  8 10  4 11  7  2  1  2  4  4  1  3  1  1 } Sum: 61
 Ciąg[14]: { 12 12 13  4  5  1  5  1  7  3  4  1  1  2  1 } Sum: 72
Trasa[13]: {  2  9 12  5 15 10  3  1  6 11 13  4 14  7  8 } Sum: 120
Trasa[14]: { 12 13 15  4  6  1  8  2 14  7 10  3  5 11  9 } Sum: 120
----------------------------------------------------------------
 Ciąg[14]: { 12 12 13  4  5  1  5  1  7  3  4  1  1  2  1 } Sum: 72
 Ciąg[15]: { 10  8  7  9 10  2  7  6  2  6  2  2  1  1  1 } Sum: 74
Trasa[14]: { 12 13 15  4  6  1  8  2 14  7 10  3  5 11  9 } Sum: 120
Trasa[15]: { 10  8  7 12 14  2 11  9  3 15  4  5  1  6 13 } Sum: 120
Krzyzowanie, punkt przeciecia = 9:
 Ciąg[14]: { 10  8  7  9 10  2  7  6  2  3  4  1  1  2  1 } Sum: 73
 Ciąg[15]: { 12 12 13  4  5  1  5  1  7  6  2  2  1  1  1 } Sum: 73
Trasa[14]: { 10  8  7 12 14  2 11  9  3  5 13  1  4 15  6 } Sum: 120
Trasa[15]: { 12 13 15  4  6  1  8  2 14 11  5  7  3  9 10 } Sum: 120
----------------------------------------------------------------
 Ciąg[15]: { 12 12 13  4  5  1  5  1  7  6  2  2  1  1  1 } Sum: 73
 Ciąg[16]: {  9 12  7 11  6  5  5  6  3  4  1  2  1  2  1 } Sum: 75
Trasa[15]: { 12 13 15  4  6  1  8  2 14 11  5  7  3  9 10 } Sum: 120
Trasa[16]: {  9 13  7 14  6  5  8 11  3 10  1  4  2 15 12 } Sum: 120
Krzyzowanie, punkt przeciecia = 3:
 Ciąg[15]: {  9 12  7  4  5  1  5  1  7  6  2  2  1  1  1 } Sum: 64
 Ciąg[16]: { 12 12 13 11  6  5  5  6  3  4  1  2  1  2  1 } Sum: 84
Trasa[15]: {  9 13  7  4  6  1 10  2 15 14  5  8  3 11 12 } Sum: 120
Trasa[16]: { 12 13 15 11  6  5  7  9  3  8  1  4  2 14 10 } Sum: 120
----------------------------------------------------------------
 Ciąg[16]: { 12 12 13 11  6  5  5  6  3  4  1  2  1  2  1 } Sum: 84
 Ciąg[17]: {  5 14 13  5  3 10  7  8  1  6  2  4  3  1  1 } Sum: 83
Trasa[16]: { 12 13 15 11  6  5  7  9  3  8  1  4  2 14 10 } Sum: 120
Trasa[17]: {  5 15 14  6  3 13 10 12  1 11  4  9  8  2  7 } Sum: 120
Krzyzowanie, punkt przeciecia = 1:
 Ciąg[16]: {  5 12 13 11  6  5  5  6  3  4  1  2  1  2  1 } Sum: 77
 Ciąg[17]: { 12 14 13  5  3 10  7  8  1  6  2  4  3  1  1 } Sum: 90
Trasa[16]: {  5 13 15 12  7  6  8 10  3  9  1  4  2 14 11 } Sum: 120
Trasa[17]: { 12 15 14  5  3 13  9 11  1 10  4  8  7  2  6 } Sum: 120
----------------------------------------------------------------
 Ciąg[17]: { 12 14 13  5  3 10  7  8  1  6  2  4  3  1  1 } Sum: 90
 Ciąg[18]: {  6 12  1  7  7 10  5  1  7  6  4  4  1  2  1 } Sum: 74
Trasa[17]: { 12 15 14  5  3 13  9 11  1 10  4  8  7  2  6 } Sum: 120
Trasa[18]: {  6 13  1  9 10 15  7  2 14 12  8 11  3  5  4 } Sum: 120
Krzyzowanie, punkt przeciecia = 7:
 Ciąg[17]: {  6 12  1  7  7 10  5  8  1  6  2  4  3  1  1 } Sum: 74
 Ciąg[18]: { 12 14 13  5  3 10  7  1  7  6  4  4  1  2  1 } Sum: 90
Trasa[17]: {  6 13  1  9 10 15  7 14  2 12  4 11  8  3  5 } Sum: 120
Trasa[18]: { 12 15 14  5  3 13  9  1 11 10  7  8  2  6  4 } Sum: 120
----------------------------------------------------------------
 Ciąg[18]: { 12 14 13  5  3 10  7  1  7  6  4  4  1  2  1 } Sum: 90
 Ciąg[19]: {  4 14 10  7  2  8  4  3  7  6  2  1  2  2  1 } Sum: 73
Trasa[18]: { 12 15 14  5  3 13  9  1 11 10  7  8  2  6  4 } Sum: 120
Trasa[19]: {  4 15 11  8  2 12  6  5 14 13  3  1  9 10  7 } Sum: 120
Krzyzowanie, punkt przeciecia = 4:
 Ciąg[18]: {  4 14 10  7  3 10  7  1  7  6  4  4  1  2  1 } Sum: 81
 Ciąg[19]: { 12 14 13  5  2  8  4  3  7  6  2  1  2  2  1 } Sum: 82
Trasa[18]: {  4 15 11  8  3 14 10  1 13 12  7  9  2  6  5 } Sum: 120
Trasa[19]: { 12 15 14  5  2 10  6  4 13 11  3  1  8  9  7 } Sum: 120
----------------------------------------------------------------
 Ciąg[19]: { 12 14 13  5  2  8  4  3  7  6  2  1  2  2  1 } Sum: 82
 Ciąg[20]: { 12  9  7  9  8  1  3  5  4  3  4  1  2  1  1 } Sum: 70
Trasa[19]: { 12 15 14  5  2 10  6  4 13 11  3  1  8  9  7 } Sum: 120
Trasa[20]: { 12  9  7 11 10  1  4  8  6  5 14  2 13  3 15 } Sum: 120
Krzyzowanie, punkt przeciecia = 9:
 Ciąg[19]: { 12  9  7  9  8  1  3  5  4  6  2  1  2  2  1 } Sum: 72
 Ciąg[20]: { 12 14 13  5  2  8  4  3  7  3  4  1  2  1  1 } Sum: 80
Trasa[19]: { 12  9  7 11 10  1  4  8  6 15  3  2 13 14  5 } Sum: 120
Trasa[20]: { 12 15 14  5  2 10  6  4 13  7  9  1  8  3 11 } Sum: 120
----------------------------------------------------------------
 Ciąg[20]: { 12 14 13  5  2  8  4  3  7  3  4  1  2  1  1 } Sum: 80
 Ciąg[21]: {  1  2 10  5  9  7  7  1  2  5  4  4  3  1  1 } Sum: 62
Trasa[20]: { 12 15 14  5  2 10  6  4 13  7  9  1  8  3 11 } Sum: 120
Trasa[21]: {  1  3 12  7 13 10 11  2  5 14  9 15  8  4  6 } Sum: 120
Krzyzowanie, punkt przeciecia = 2:
 Ciąg[20]: {  1  2 13  5  2  8  4  3  7  3  4  1  2  1  1 } Sum: 57
 Ciąg[21]: { 12 14 10  5  9  7  7  1  2  5  4  4  3  1  1 } Sum: 85
Trasa[20]: {  1  3 15  7  4 12  8  6 14  9 11  2 10  5 13 } Sum: 120
Trasa[21]: { 12 15 10  5 11  8  9  1  3 13  7 14  6  2  4 } Sum: 120
----------------------------------------------------------------
 Ciąg[21]: { 12 14 10  5  9  7  7  1  2  5  4  4  3  1  1 } Sum: 85
 Ciąg[22]: { 14  2  4  7  5  9  3  3  3  6  1  1  2  2  1 } Sum: 63
Trasa[21]: { 12 15 10  5 11  8  9  1  3 13  7 14  6  2  4 } Sum: 120
Trasa[22]: { 14  2  5  9  7 13  4  6  8 15  1  3 11 12 10 } Sum: 120
Krzyzowanie, punkt przeciecia = 8:
 Ciąg[21]: { 14  2  4  7  5  9  3  3  2  5  4  4  3  1  1 } Sum: 67
 Ciąg[22]: { 12 14 10  5  9  7  7  1  3  6  1  1  2  2  1 } Sum: 81
Trasa[21]: { 14  2  5  9  7 13  4  6  3 12 11 15 10  1  8 } Sum: 120
Trasa[22]: { 12 15 10  5 11  8  9  1  4 14  2  3  7 13  6 } Sum: 120
----------------------------------------------------------------
 Ciąg[22]: { 12 14 10  5  9  7  7  1  3  6  1  1  2  2  1 } Sum: 81
 Ciąg[23]: {  7  4 12  1  4  3  3  7  1  6  2  4  3  2  1 } Sum: 60
Trasa[22]: { 12 15 10  5 11  8  9  1  4 14  2  3  7 13  6 } Sum: 120
Trasa[23]: {  7  4 14  1  6  5  8 13  2 15  9 12 11 10  3 } Sum: 120
Krzyzowanie, punkt przeciecia = 11:
 Ciąg[22]: {  7  4 12  1  4  3  3  7  1  6  2  1  2  2  1 } Sum: 56
 Ciąg[23]: { 12 14 10  5  9  7  7  1  3  6  1  4  3  2  1 } Sum: 85
Trasa[22]: {  7  4 14  1  6  5  8 13  2 15  9  3 11 12 10 } Sum: 120
Trasa[23]: { 12 15 10  5 11  8  9  1  4 14  2 13  7  6  3 } Sum: 120
----------------------------------------------------------------
 Ciąg[23]: { 12 14 10  5  9  7  7  1  3  6  1  4  3  2  1 } Sum: 85
 Ciąg[24]: {  6 10 13 10  1  3  6  4  2  1  4  3  3  2  1 } Sum: 69
Trasa[23]: { 12 15 10  5 11  8  9  1  4 14  2 13  7  6  3 } Sum: 120
Trasa[24]: {  6 11 15 12  1  4  9  7  3  2 13 10 14  8  5 } Sum: 120
Krzyzowanie, punkt przeciecia = 9:
 Ciąg[23]: {  6 10 13 10  1  3  6  4  2  6  1  4  3  2  1 } Sum: 72
 Ciąg[24]: { 12 14 10  5  9  7  7  1  3  1  4  3  3  2  1 } Sum: 82
Trasa[23]: {  6 11 15 12  1  4  9  7  3 14  2 13 10  8  5 } Sum: 120
Trasa[24]: { 12 15 10  5 11  8  9  1  4  2 13  7 14  6  3 } Sum: 120
----------------------------------------------------------------
 Ciąg[24]: { 12 14 10  5  9  7  7  1  3  1  4  3  3  2  1 } Sum: 82
 Ciąg[25]: { 11 12  3  7  1 10  6  8  7  5  4  4  3  1  1 } Sum: 83
Trasa[24]: { 12 15 10  5 11  8  9  1  4  2 13  7 14  6  3 } Sum: 120
Trasa[25]: { 11 13  3  8  1 15  9 14 12  7  6 10  5  2  4 } Sum: 120
Krzyzowanie, punkt przeciecia = 12:
 Ciąg[24]: { 11 12  3  7  1 10  6  8  7  5  4  4  3  2  1 } Sum: 84
 Ciąg[25]: { 12 14 10  5  9  7  7  1  3  1  4  3  3  1  1 } Sum: 81
Trasa[24]: { 11 13  3  8  1 15  9 14 12  7  6 10  5  4  2 } Sum: 120
Trasa[25]: { 12 15 10  5 11  8  9  1  4  2 13  7 14  3  6 } Sum: 120
----------------------------------------------------------------
 Ciąg[25]: { 12 14 10  5  9  7  7  1  3  1  4  3  3  1  1 } Sum: 81
 Ciąg[26]: { 15  6  3  8  1  6  9  6  7  3  1  2  1  2  1 } Sum: 71
Trasa[25]: { 12 15 10  5 11  8  9  1  4  2 13  7 14  3  6 } Sum: 120
Trasa[26]: { 15  6  3 10  1  9 14 11 13  5  2  7  4 12  8 } Sum: 120
Krzyzowanie, punkt przeciecia = 6:
 Ciąg[25]: { 15  6  3  8  1  6  7  1  3  1  4  3  3  1  1 } Sum: 63
 Ciąg[26]: { 12 14 10  5  9  7  9  6  7  3  1  2  1  2  1 } Sum: 89
Trasa[25]: { 15  6  3 10  1  9 12  2  7  4 13 11 14  5  8 } Sum: 120
Trasa[26]: { 12 15 10  5 11  8 14  7 13  3  1  4  2  9  6 } Sum: 120
----------------------------------------------------------------
 Ciąg[26]: { 12 14 10  5  9  7  9  6  7  3  1  2  1  2  1 } Sum: 89
 Ciąg[27]: {  1 11  6 10  4  6  2  3  5  5  4  4  1  1  1 } Sum: 64
Trasa[26]: { 12 15 10  5 11  8 14  7 13  3  1  4  2  9  6 } Sum: 120
Trasa[27]: {  1 12  7 13  5  9  3  6 11 14 10 15  2  4  8 } Sum: 120
Krzyzowanie, punkt przeciecia = 12:
 Ciąg[26]: {  1 11  6 10  4  6  2  3  5  5  4  4  1  2  1 } Sum: 65
 Ciąg[27]: { 12 14 10  5  9  7  9  6  7  3  1  2  1  1  1 } Sum: 88
Trasa[26]: {  1 12  7 13  5  9  3  6 11 14 10 15  2  8  4 } Sum: 120
Trasa[27]: { 12 15 10  5 11  8 14  7 13  3  1  4  2  6  9 } Sum: 120
----------------------------------------------------------------
 Ciąg[27]: { 12 14 10  5  9  7  9  6  7  3  1  2  1  1  1 } Sum: 88
 Ciąg[28]: { 12  5  3  4  5  6  5  7  7  1  3  2  3  1  1 } Sum: 65
Trasa[27]: { 12 15 10  5 11  8 14  7 13  3  1  4  2  6  9 } Sum: 120
Trasa[28]: { 12  5  3  6  8 10  9 14 15  1  7  4 13  2 11 } Sum: 120
Krzyzowanie, punkt przeciecia = 6:
 Ciąg[27]: { 12  5  3  4  5  6  9  6  7  3  1  2  1  1  1 } Sum: 66
 Ciąg[28]: { 12 14 10  5  9  7  5  7  7  1  3  2  3  1  1 } Sum: 87
Trasa[27]: { 12  5  3  6  8 10 15 11 14  4  1  7  2  9 13 } Sum: 120
Trasa[28]: { 12 15 10  5 11  8  6 13 14  1  4  3  9  2  7 } Sum: 120
----------------------------------------------------------------
 Ciąg[28]: { 12 14 10  5  9  7  5  7  7  1  3  2  3  1  1 } Sum: 87
 Ciąg[29]: { 13 13  6  8 10  8  9  2  2  6  3  2  3  2  1 } Sum: 88
Trasa[28]: { 12 15 10  5 11  8  6 13 14  1  4  3  9  2  7 } Sum: 120
Trasa[29]: { 13 14  6  9 12 10 15  2  3 11  5  4  8  7  1 } Sum: 120
Krzyzowanie, punkt przeciecia = 11:
 Ciąg[28]: { 13 13  6  8 10  8  9  2  2  6  3  2  3  1  1 } Sum: 87
 Ciąg[29]: { 12 14 10  5  9  7  5  7  7  1  3  2  3  2  1 } Sum: 88
Trasa[28]: { 13 14  6  9 12 10 15  2  3 11  5  4  8  1  7 } Sum: 120
Trasa[29]: { 12 15 10  5 11  8  6 13 14  1  4  3  9  7  2 } Sum: 120
----------------------------------------------------------------
 Ciąg[29]: { 12 14 10  5  9  7  5  7  7  1  3  2  3  2  1 } Sum: 88
 Ciąg[30]: { 12  6 11  3  5  6  8  6  2  5  1  3  2  1  1 } Sum: 72
Trasa[29]: { 12 15 10  5 11  8  6 13 14  1  4  3  9  7  2 } Sum: 120
Trasa[30]: { 12  6 13  3  7  9 14 10  2 11  1  8  5  4 15 } Sum: 120
Krzyzowanie, punkt przeciecia = 2:
 Ciąg[29]: { 12  6 10  5  9  7  5  7  7  1  3  2  3  2  1 } Sum: 80
 Ciąg[30]: { 12 14 11  3  5  6  8  6  2  5  1  3  2  1  1 } Sum: 80
Trasa[29]: { 12  6 11  5 13  9  7 14 15  1  4  3 10  8  2 } Sum: 120
Trasa[30]: { 12 15 11  3  6  8 13  9  2 10  1  7  5  4 14 } Sum: 120
----------------------------------------------------------------
 Ciąg[30]: { 12 14 11  3  5  6  8  6  2  5  1  3  2  1  1 } Sum: 80
 Ciąg[31]: { 12  6  4 11 10  2  5  7  3  2  5  2  2  2  1 } Sum: 74
Trasa[30]: { 12 15 11  3  6  8 13  9  2 10  1  7  5  4 14 } Sum: 120
Trasa[31]: { 12  6  4 14 13  2  8 11  5  3 15  7  9 10  1 } Sum: 120
Krzyzowanie, punkt przeciecia = 10:
 Ciąg[30]: { 12  6  4 11 10  2  5  7  3  2  1  3  2  1  1 } Sum: 70
 Ciąg[31]: { 12 14 11  3  5  6  8  6  2  5  5  2  2  2  1 } Sum: 84
Trasa[30]: { 12  6  4 14 13  2  8 11  5  3  1 10  9  7 15 } Sum: 120
Trasa[31]: { 12 15 11  3  6  8 13  9  2 10 14  4  5  7  1 } Sum: 120
----------------------------------------------------------------
 Ciąg[31]: { 12 14 11  3  5  6  8  6  2  5  5  2  2  2  1 } Sum: 84
 Ciąg[32]: {  1  5 11  2  8  9  1  5  2  2  5  1  1  1  1 } Sum: 55
Trasa[31]: { 12 15 11  3  6  8 13  9  2 10 14  4  5  7  1 } Sum: 120
Trasa[32]: {  1  6 13  3 11 14  2  9  5  7 15  4  8 10 12 } Sum: 120
Krzyzowanie, punkt przeciecia = 10:
 Ciąg[31]: {  1  5 11  2  8  9  1  5  2  2  5  2  2  2  1 } Sum: 58
 Ciąg[32]: { 12 14 11  3  5  6  8  6  2  5  5  1  1  1  1 } Sum: 81
Trasa[31]: {  1  6 13  3 11 14  2  9  5  7 15  8 10 12  4 } Sum: 120
Trasa[32]: { 12 15 11  3  6  8 13  9  2 10 14  1  4  5  7 } Sum: 120
----------------------------------------------------------------
 Ciąg[32]: { 12 14 11  3  5  6  8  6  2  5  5  1  1  1  1 } Sum: 81
 Ciąg[33]: { 11  9  8  5  4  8  4  7  5  4  3  4  1  2  1 } Sum: 76
Trasa[32]: { 12 15 11  3  6  8 13  9  2 10 14  1  4  5  7 } Sum: 120
Trasa[33]: { 11  9  8  5  4 13  6 14 10  7  3 15  1 12  2 } Sum: 120
Krzyzowanie, punkt przeciecia = 1:
 Ciąg[32]: { 11 14 11  3  5  6  8  6  2  5  5  1  1  1  1 } Sum: 80
 Ciąg[33]: { 12  9  8  5  4  8  4  7  5  4  3  4  1  2  1 } Sum: 77
Trasa[32]: { 11 15 12  3  6  8 13  9  2 10 14  1  4  5  7 } Sum: 120
Trasa[33]: { 12  9  8  5  4 13  6 14 10  7  3 15  1 11  2 } Sum: 120
----------------------------------------------------------------
 Ciąg[33]: { 12  9  8  5  4  8  4  7  5  4  3  4  1  2  1 } Sum: 77
 Ciąg[34]: {  1 10  3  1  1  3  7  7  7  6  5  3  1  1  1 } Sum: 57
Trasa[33]: { 12  9  8  5  4 13  6 14 10  7  3 15  1 11  2 } Sum: 120
Trasa[34]: {  1 11  4  2  3  7 13 14 15 12 10  8  5  6  9 } Sum: 120
Krzyzowanie, punkt przeciecia = 10:
 Ciąg[33]: {  1 10  3  1  1  3  7  7  7  6  3  4  1  2  1 } Sum: 57
 Ciąg[34]: { 12  9  8  5  4  8  4  7  5  4  5  3  1  1  1 } Sum: 77
Trasa[33]: {  1 11  4  2  3  7 13 14 15 12  8 10  5  9  6 } Sum: 120
Trasa[34]: { 12  9  8  5  4 13  6 14 10  7 15  3  1  2 11 } Sum: 120
----------------------------------------------------------------
 Ciąg[34]: { 12  9  8  5  4  8  4  7  5  4  5  3  1  1  1 } Sum: 77
 Ciąg[35]: {  4 13 13  8 11  4  2  6  5  4  1  3  1  1  1 } Sum: 77
Trasa[34]: { 12  9  8  5  4 13  6 14 10  7 15  3  1  2 11 } Sum: 120
Trasa[35]: {  4 14 15  9 13  5  2 10  8  7  1 11  3  6 12 } Sum: 120
Krzyzowanie, punkt przeciecia = 8:
 Ciąg[34]: {  4 13 13  8 11  4  2  6  5  4  5  3  1  1  1 } Sum: 81
 Ciąg[35]: { 12  9  8  5  4  8  4  7  5  4  1  3  1  1  1 } Sum: 73
Trasa[34]: {  4 14 15  9 13  5  2 10  8  7 12  6  1  3 11 } Sum: 120
Trasa[35]: { 12  9  8  5  4 13  6 14 10  7  1 11  2  3 15 } Sum: 120
----------------------------------------------------------------
 Ciąg[35]: { 12  9  8  5  4  8  4  7  5  4  1  3  1  1  1 } Sum: 73
 Ciąg[36]: { 11  5  9 12  9  2  5  4  1  6  1  4  2  2  1 } Sum: 74
Trasa[35]: { 12  9  8  5  4 13  6 14 10  7  1 11  2  3 15 } Sum: 120
Trasa[36]: { 11  5 10 15 12  2  7  6  1 14  3 13  8  9  4 } Sum: 120
Krzyzowanie, punkt przeciecia = 5:
 Ciąg[35]: { 11  5  9 12  9  8  4  7  5  4  1  3  1  1  1 } Sum: 81
 Ciąg[36]: { 12  9  8  5  4  2  5  4  1  6  1  4  2  2  1 } Sum: 66
Trasa[35]: { 11  5 10 15 12  9  4 13  7  6  1  8  2  3 14 } Sum: 120
Trasa[36]: { 12  9  8  5  4  2 10  7  1 15  3 14 11 13  6 } Sum: 120
----------------------------------------------------------------
 Ciąg[36]: { 12  9  8  5  4  2  5  4  1  6  1  4  2  2  1 } Sum: 66
 Ciąg[37]: { 10  9  7  9  8  3  6  6  5  5  5  4  3  1  1 } Sum: 82
Trasa[36]: { 12  9  8  5  4  2 10  7  1 15  3 14 11 13  6 } Sum: 120
Trasa[37]: { 10  9  7 12 11  3  8 13  6 14 15  5  4  1  2 } Sum: 120
Krzyzowanie, punkt przeciecia = 8:
 Ciąg[36]: { 10  9  7  9  8  3  6  6  1  6  1  4  2  2  1 } Sum: 75
 Ciąg[37]: { 12  9  8  5  4  2  5  4  5  5  5  4  3  1  1 } Sum: 73
Trasa[36]: { 10  9  7 12 11  3  8 13  1 15  2 14  5  6  4 } Sum: 120
Trasa[37]: { 12  9  8  5  4  2 10  7 13 14 15 11  6  1  3 } Sum: 120
----------------------------------------------------------------
 Ciąg[37]: { 12  9  8  5  4  2  5  4  5  5  5  4  3  1  1 } Sum: 73
 Ciąg[38]: {  1  9 12  4  1  5  2  6  3  6  5  4  3  2  1 } Sum: 64
Trasa[37]: { 12  9  8  5  4  2 10  7 13 14 15 11  6  1  3 } Sum: 120
Trasa[38]: {  1 10 14  5  2  8  4 12  7 15 13 11  9  6  3 } Sum: 120
Krzyzowanie, punkt przeciecia = 3:
 Ciąg[37]: {  1  9 12  5  4  2  5  4  5  5  5  4  3  1  1 } Sum: 66
 Ciąg[38]: { 12  9  8  4  1  5  2  6  3  6  5  4  3  2  1 } Sum: 71
Trasa[37]: {  1 10 14  6  5  3  9  8 12 13 15 11  7  2  4 } Sum: 120
Trasa[38]: { 12  9  8  4  1  7  3 13  6 15 14 11 10  5  2 } Sum: 120
----------------------------------------------------------------
 Ciąg[38]: { 12  9  8  4  1  5  2  6  3  6  5  4  3  2  1 } Sum: 71
 Ciąg[39]: { 13 14  6  1 10  3  1  1  1  3  1  4  2  1  1 } Sum: 62
Trasa[38]: { 12  9  8  4  1  7  3 13  6 15 14 11 10  5  2 } Sum: 120
Trasa[39]: { 13 15  6  1 12  4  2  3  5  9  7 14 10  8 11 } Sum: 120
Krzyzowanie, punkt przeciecia = 1:
 Ciąg[38]: { 13  9  8  4  1  5  2  6  3  6  5  4  3  2  1 } Sum: 72
 Ciąg[39]: { 12 14  6  1 10  3  1  1  1  3  1  4  2  1  1 } Sum: 61
Trasa[38]: { 13  9  8  4  1  7  3 12  6 15 14 11 10  5  2 } Sum: 120
Trasa[39]: { 12 15  6  1 13  4  2  3  5  9  7 14 10  8 11 } Sum: 120
----------------------------------------------------------------
 Ciąg[39]: { 12 14  6  1 10  3  1  1  1  3  1  4  2  1  1 } Sum: 61
 Ciąg[40]: { 11 12  2 12  4  3  4  5  1  6  5  4  3  2  1 } Sum: 75
Trasa[39]: { 12 15  6  1 13  4  2  3  5  9  7 14 10  8 11 } Sum: 120
Trasa[40]: { 11 13  2 15  5  4  7  9  1 14 12 10  8  6  3 } Sum: 120
Krzyzowanie, punkt przeciecia = 9:
 Ciąg[39]: { 11 12  2 12  4  3  4  5  1  3  1  4  2  1  1 } Sum: 66
 Ciąg[40]: { 12 14  6  1 10  3  1  1  1  6  5  4  3  2  1 } Sum: 70
Trasa[39]: { 11 13  2 15  5  4  7  9  1  8  3 14 10  6 12 } Sum: 120
Trasa[40]: { 12 15  6  1 13  4  2  3  5 14 11 10  9  8  7 } Sum: 120
----------------------------------------------------------------
 Ciąg[40]: { 12 14  6  1 10  3  1  1  1  6  5  4  3  2  1 } Sum: 70
 Ciąg[41]: {  5  9 12  9  7  9  8  5  3  5  5  3  1  1  1 } Sum: 83
Trasa[40]: { 12 15  6  1 13  4  2  3  5 14 11 10  9  8  7 } Sum: 120
Trasa[41]: {  5 10 14 11  8 13 12  6  3  9 15  4  1  2  7 } Sum: 120
Krzyzowanie, punkt przeciecia = 1:
 Ciąg[40]: {  5 14  6  1 10  3  1  1  1  6  5  4  3  2  1 } Sum: 63
 Ciąg[41]: { 12  9 12  9  7  9  8  5  3  5  5  3  1  1  1 } Sum: 90
Trasa[40]: {  5 15  7  1 13  4  2  3  6 14 12 11 10  9  8 } Sum: 120
Trasa[41]: { 12  9 14 10  7 13 11  5  3  8 15  4  1  2  6 } Sum: 120
----------------------------------------------------------------
 Ciąg[41]: { 12  9 12  9  7  9  8  5  3  5  5  3  1  1  1 } Sum: 90
 Ciąg[42]: {  8  7  3  2 11  2  9  4  6  6  4  2  1  1  1 } Sum: 67
Trasa[41]: { 12  9 14 10  7 13 11  5  3  8 15  4  1  2  6 } Sum: 120
Trasa[42]: {  8  7  3  2 15  4 14  9 12 13 10  5  1  6 11 } Sum: 120
Krzyzowanie, punkt przeciecia = 10:
 Ciąg[41]: {  8  7  3  2 11  2  9  4  6  6  5  3  1  1  1 } Sum: 69
 Ciąg[42]: { 12  9 12  9  7  9  8  5  3  5  4  2  1  1  1 } Sum: 88
Trasa[41]: {  8  7  3  2 15  4 14  9 12 13 11  6  1  5 10 } Sum: 120
Trasa[42]: { 12  9 14 10  7 13 11  5  3  8  6  2  1  4 15 } Sum: 120
----------------------------------------------------------------
 Ciąg[42]: { 12  9 12  9  7  9  8  5  3  5  4  2  1  1  1 } Sum: 88
 Ciąg[43]: { 14  8  3 11  7  2  7  4  4  3  2  3  1  1  1 } Sum: 71
Trasa[42]: { 12  9 14 10  7 13 11  5  3  8  6  2  1  4 15 } Sum: 120
Trasa[43]: { 14  8  3 13  9  2 11  6  7  5  4 12  1 10 15 } Sum: 120
Krzyzowanie, punkt przeciecia = 2:
 Ciąg[42]: { 14  8 12  9  7  9  8  5  3  5  4  2  1  1  1 } Sum: 89
 Ciąg[43]: { 12  9  3 11  7  2  7  4  4  3  2  3  1  1  1 } Sum: 70
Trasa[42]: { 14  8 13 10  7 12 11  5  3  9  6  2  1  4 15 } Sum: 120
Trasa[43]: { 12  9  3 14  8  2 11  6  7  5  4 13  1 10 15 } Sum: 120
----------------------------------------------------------------
 Ciąg[43]: { 12  9  3 11  7  2  7  4  4  3  2  3  1  1  1 } Sum: 70
 Ciąg[44]: {  7  4  1 10  1  4  1  5  5  5  1  3  3  2  1 } Sum: 53
Trasa[43]: { 12  9  3 14  8  2 11  6  7  5  4 13  1 10 15 } Sum: 120
Trasa[44]: {  7  4  1 13  2  8  3 11 12 14  5 10 15  9  6 } Sum: 120
Krzyzowanie, punkt przeciecia = 7:
 Ciąg[43]: {  7  4  1 10  1  4  1  4  4  3  2  3  1  1  1 } Sum: 47
 Ciąg[44]: { 12  9  3 11  7  2  7  5  5  5  1  3  3  2  1 } Sum: 76
Trasa[43]: {  7  4  1 13  2  8  3 10 11  9  6 14  5 12 15 } Sum: 120
Trasa[44]: { 12  9  3 14  8  2 11  7 10 13  1  6 15  5  4 } Sum: 120
----------------------------------------------------------------
 Ciąg[44]: { 12  9  3 11  7  2  7  5  5  5  1  3  3  2  1 } Sum: 76
 Ciąg[45]: { 13  1  2  2  6  6  7  7  5  1  5  1  2  1  1 } Sum: 60
Trasa[44]: { 12  9  3 14  8  2 11  7 10 13  1  6 15  5  4 } Sum: 120
Trasa[45]: { 13  1  3  4  9 10 12 14  8  2 15  5  7  6 11 } Sum: 120
Krzyzowanie, punkt przeciecia = 4:
 Ciąg[44]: { 13  1  2  2  7  2  7  5  5  5  1  3  3  2  1 } Sum: 59
 Ciąg[45]: { 12  9  3 11  6  6  7  7  5  1  5  1  2  1  1 } Sum: 77
Trasa[44]: { 13  1  3  4 10  5 12  9 11 14  2  8 15  7  6 } Sum: 120
Trasa[45]: { 12  9  3 14  7  8 11 13  6  1 15  2  5  4 10 } Sum: 120
----------------------------------------------------------------
 Ciąg[45]: { 12  9  3 11  6  6  7  7  5  1  5  1  2  1  1 } Sum: 77
 Ciąg[46]: { 15 12 10  3 11 10  9  5  7  5  3  4  1  1  1 } Sum: 97
Trasa[45]: { 12  9  3 14  7  8 11 13  6  1 15  2  5  4 10 } Sum: 120
Trasa[46]: { 15 12 10  3 14 13 11  6  9  7  4  8  1  2  5 } Sum: 120
Krzyzowanie, punkt przeciecia = 9:
 Ciąg[45]: { 15 12 10  3 11 10  9  5  7  1  5  1  2  1  1 } Sum: 93
 Ciąg[46]: { 12  9  3 11  6  6  7  7  5  5  3  4  1  1  1 } Sum: 81
Trasa[45]: { 15 12 10  3 14 13 11  6  9  1  8  2  5  4  7 } Sum: 120
Trasa[46]: { 12  9  3 14  7  8 11 13  6 10  4 15  1  2  5 } Sum: 120
----------------------------------------------------------------
 Ciąg[46]: { 12  9  3 11  6  6  7  7  5  5  3  4  1  1  1 } Sum: 81
 Ciąg[47]: { 13  8 12  1  2  9  6  4  3  2  1  3  2  2  1 } Sum: 69
Trasa[46]: { 12  9  3 14  7  8 11 13  6 10  4 15  1  2  5 } Sum: 120
Trasa[47]: { 13  8 14  1  3 12  9  6  5  4  2 11 10 15  7 } Sum: 120
Krzyzowanie, punkt przeciecia = 11:
 Ciąg[46]: { 13  8 12  1  2  9  6  4  3  2  1  4  1  1  1 } Sum: 68
 Ciąg[47]: { 12  9  3 11  6  6  7  7  5  5  3  3  2  2  1 } Sum: 82
Trasa[46]: { 13  8 14  1  3 12  9  6  5  4  2 15  7 10 11 } Sum: 120
Trasa[47]: { 12  9  3 14  7  8 11 13  6 10  4  5  2 15  1 } Sum: 120
----------------------------------------------------------------
 Ciąg[47]: { 12  9  3 11  6  6  7  7  5  5  3  3  2  2  1 } Sum: 82
 Ciąg[48]: { 11 14 13 12  1 10  6  7  7  5  3  1  3  1  1 } Sum: 95
Trasa[47]: { 12  9  3 14  7  8 11 13  6 10  4  5  2 15  1 } Sum: 120
Trasa[48]: { 11 15 14 13  1 12  7  9 10  6  4  2  8  3  5 } Sum: 120
Krzyzowanie, punkt przeciecia = 3:
 Ciąg[47]: { 11 14 13 11  6  6  7  7  5  5  3  3  2  2  1 } Sum: 96
 Ciąg[48]: { 12  9  3 12  1 10  6  7  7  5  3  1  3  1  1 } Sum: 81
Trasa[47]: { 11 15 14 12  6  7  9 10  5  8  3  4  2 13  1 } Sum: 120
Trasa[48]: { 12  9  3 15  1 14  8 11 13  7  5  2 10  4  6 } Sum: 120
----------------------------------------------------------------
 Ciąg[48]: { 12  9  3 12  1 10  6  7  7  5  3  1  3  1  1 } Sum: 81
 Ciąg[49]: {  3  5  9  8  3  5  9  1  2  5  5  3  2  2  1 } Sum: 63
Trasa[48]: { 12  9  3 15  1 14  8 11 13  7  5  2 10  4  6 } Sum: 120
Trasa[49]: {  3  6 11 10  4  8 15  1  5 13 14  9  7 12  2 } Sum: 120
Krzyzowanie, punkt przeciecia = 12:
 Ciąg[48]: {  3  5  9  8  3  5  9  1  2  5  5  3  3  1  1 } Sum: 63
 Ciąg[49]: { 12  9  3 12  1 10  6  7  7  5  3  1  2  2  1 } Sum: 81
Trasa[48]: {  3  6 11 10  4  8 15  1  5 13 14  9 12  2  7 } Sum: 120
Trasa[49]: { 12  9  3 15  1 14  8 11 13  7  5  2  6 10  4 } Sum: 120
----------------------------------------------------------------
 Ciąg[49]: { 12  9  3 12  1 10  6  7  7  5  3  1  2  2  1 } Sum: 81
 Ciąg[50]: {  9  7  1  5  7  4  8  8  6  3  5  2  2  1  1 } Sum: 69
Trasa[49]: { 12  9  3 15  1 14  8 11 13  7  5  2  6 10  4 } Sum: 120
Trasa[50]: {  9  7  1  6 11  5 14 15 12  4 13  3  8  2 10 } Sum: 120
Krzyzowanie, punkt przeciecia = 2:
 Ciąg[49]: {  9  7  3 12  1 10  6  7  7  5  3  1  2  2  1 } Sum: 76
 Ciąg[50]: { 12  9  1  5  7  4  8  8  6  3  5  2  2  1  1 } Sum: 74
Trasa[49]: {  9  7  3 15  1 14 10 12 13  8  5  2  6 11  4 } Sum: 120
Trasa[50]: { 12  9  1  6 10  5 14 15 11  4 13  3  7  2  8 } Sum: 120
----------------------------------------------------------------
 Ciąg[50]: { 12  9  1  5  7  4  8  8  6  3  5  2  2  1  1 } Sum: 74
 Ciąg[51]: {  9  1  7  2 11  4  3  8  5  4  2  4  2  2  1 } Sum: 65
Trasa[50]: { 12  9  1  6 10  5 14 15 11  4 13  3  7  2  8 } Sum: 120
Trasa[51]: {  9  1  8  3 15  6  5 14 11 10  4 13  7 12  2 } Sum: 120
Krzyzowanie, punkt przeciecia = 12:
 Ciąg[50]: {  9  1  7  2 11  4  3  8  5  4  2  4  2  1  1 } Sum: 64
 Ciąg[51]: { 12  9  1  5  7  4  8  8  6  3  5  2  2  2  1 } Sum: 75
Trasa[50]: {  9  1  8  3 15  6  5 14 11 10  4 13  7  2 12 } Sum: 120
Trasa[51]: { 12  9  1  6 10  5 14 15 11  4 13  3  7  8  2 } Sum: 120
----------------------------------------------------------------
 Ciąg[51]: { 12  9  1  5  7  4  8  8  6  3  5  2  2  2  1 } Sum: 75
 Ciąg[52]: { 12  2  1  6  7  2  3  4  6  2  3  3  2  1  1 } Sum: 55
Trasa[51]: { 12  9  1  6 10  5 14 15 11  4 13  3  7  8  2 } Sum: 120
Trasa[52]: { 12  2  1  8 10  4  6  9 14  5 11 13  7  3 15 } Sum: 120
Krzyzowanie, punkt przeciecia = 4:
 Ciąg[51]: { 12  2  1  6  7  4  8  8  6  3  5  2  2  2  1 } Sum: 69
 Ciąg[52]: { 12  9  1  5  7  2  3  4  6  2  3  3  2  1  1 } Sum: 61
Trasa[51]: { 12  2  1  8 10  6 14 15 11  5 13  4  7  9  3 } Sum: 120
Trasa[52]: { 12  9  1  6 10  3  5  8 14  4 11 13  7  2 15 } Sum: 120
----------------------------------------------------------------
 Ciąg[52]: { 12  9  1  5  7  2  3  4  6  2  3  3  2  1  1 } Sum: 61
 Ciąg[53]: {  7  4 10 12  9 10  6  2  3  5  4  1  1  2  1 } Sum: 77
Trasa[52]: { 12  9  1  6 10  3  5  8 14  4 11 13  7  2 15 } Sum: 120
Trasa[53]: {  7  4 12 15 11 14  8  2  5 10  9  1  3 13  6 } Sum: 120
Krzyzowanie, punkt przeciecia = 9:
 Ciąg[52]: {  7  4 10 12  9 10  6  2  3  2  3  3  2  1  1 } Sum: 75
 Ciąg[53]: { 12  9  1  5  7  2  3  4  6  5  4  1  1  2  1 } Sum: 63
Trasa[52]: {  7  4 12 15 11 14  8  2  5  3  9 10  6  1 13 } Sum: 120
Trasa[53]: { 12  9  1  6 10  3  5  8 14 13 11  2  4 15  7 } Sum: 120
----------------------------------------------------------------
 Ciąg[53]: { 12  9  1  5  7  2  3  4  6  5  4  1  1  2  1 } Sum: 63
 Ciąg[54]: { 14  8  1  8  8  3  2  6  3  3  4  3  3  1  1 } Sum: 68
Trasa[53]: { 12  9  1  6 10  3  5  8 14 13 11  2  4 15  7 } Sum: 120
Trasa[54]: { 14  8  1 10 11  4  3 12  6  7 13  9 15  2  5 } Sum: 120
Krzyzowanie, punkt przeciecia = 11:
 Ciąg[53]: { 14  8  1  8  8  3  2  6  3  3  4  1  1  2  1 } Sum: 65
 Ciąg[54]: { 12  9  1  5  7  2  3  4  6  5  4  3  3  1  1 } Sum: 66
Trasa[53]: { 14  8  1 10 11  4  3 12  6  7 13  2  5 15  9 } Sum: 120
Trasa[54]: { 12  9  1  6 10  3  5  8 14 13 11  7 15  2  4 } Sum: 120
----------------------------------------------------------------
 Ciąg[54]: { 12  9  1  5  7  2  3  4  6  5  4  3  3  1  1 } Sum: 66
 Ciąg[55]: {  5  4  8  5 10  1  5  3  6  3  1  3  1  2  1 } Sum: 58
Trasa[54]: { 12  9  1  6 10  3  5  8 14 13 11  7 15  2  4 } Sum: 120
Trasa[55]: {  5  4 10  7 14  1  9  6 13  8  2 12  3 15 11 } Sum: 120
Krzyzowanie, punkt przeciecia = 3:
 Ciąg[54]: {  5  4  8  5  7  2  3  4  6  5  4  3  3  1  1 } Sum: 61
 Ciąg[55]: { 12  9  1  5 10  1  5  3  6  3  1  3  1  2  1 } Sum: 63
Trasa[54]: {  5  4 10  7 11  2  6  9 14 13 12  8 15  1  3 } Sum: 120
Trasa[55]: { 12  9  1  6 14  2  8  5 13  7  3 11  4 15 10 } Sum: 120
----------------------------------------------------------------
 Ciąg[55]: { 12  9  1  5 10  1  5  3  6  3  1  3  1  2  1 } Sum: 63
 Ciąg[56]: { 12  4 11  7 10  8  6  2  2  6  5  1  1  2  1 } Sum: 78
Trasa[55]: { 12  9  1  6 14  2  8  5 13  7  3 11  4 15 10 } Sum: 120
Trasa[56]: { 12  4 13  8 14 10  7  2  3 15 11  1  5  9  6 } Sum: 120
Krzyzowanie, punkt przeciecia = 3:
 Ciąg[55]: { 12  4 11  5 10  1  5  3  6  3  1  3  1  2  1 } Sum: 68
 Ciąg[56]: { 12  9  1  7 10  8  6  2  2  6  5  1  1  2  1 } Sum: 73
Trasa[55]: { 12  4 13  6 14  1  8  5 11  7  2 10  3 15  9 } Sum: 120
Trasa[56]: { 12  9  1  8 14 11  7  3  4 15 13  2  5 10  6 } Sum: 120
----------------------------------------------------------------
 Ciąg[56]: { 12  9  1  7 10  8  6  2  2  6  5  1  1  2  1 } Sum: 73
 Ciąg[57]: { 13  4  4  3  3  6  8  1  2  2  2  1  1  2  1 } Sum: 53
Trasa[56]: { 12  9  1  8 14 11  7  3  4 15 13  2  5 10  6 } Sum: 120
Trasa[57]: { 13  4  5  3  6 10 14  1  7  8  9  2 11 15 12 } Sum: 120
Krzyzowanie, punkt przeciecia = 3:
 Ciąg[56]: { 13  4  4  7 10  8  6  2  2  6  5  1  1  2  1 } Sum: 72
 Ciąg[57]: { 12  9  1  3  3  6  8  1  2  2  2  1  1  2  1 } Sum: 54
Trasa[56]: { 13  4  5  9 14 11  8  2  3 15 12  1  6 10  7 } Sum: 120
Trasa[57]: { 12  9  1  4  5 10 14  2  6  7  8  3 11 15 13 } Sum: 120
----------------------------------------------------------------
 Ciąg[57]: { 12  9  1  3  3  6  8  1  2  2  2  1  1  2  1 } Sum: 54
 Ciąg[58]: { 11 10  7  1  4  6  9  2  5  2  4  4  2  1  1 } Sum: 69
Trasa[57]: { 12  9  1  4  5 10 14  2  6  7  8  3 11 15 13 } Sum: 120
Trasa[58]: { 11 10  7  1  5  9 15  3 12  4 13 14  6  2  8 } Sum: 120
Krzyzowanie, punkt przeciecia = 10:
 Ciąg[57]: { 11 10  7  1  4  6  9  2  5  2  2  1  1  2  1 } Sum: 64
 Ciąg[58]: { 12  9  1  3  3  6  8  1  2  2  4  4  2  1  1 } Sum: 59
Trasa[57]: { 11 10  7  1  5  9 15  3 12  4  6  2  8 14 13 } Sum: 120
Trasa[58]: { 12  9  1  4  5 10 14  2  6  7 13 15  8  3 11 } Sum: 120
----------------------------------------------------------------
 Ciąg[58]: { 12  9  1  3  3  6  8  1  2  2  4  4  2  1  1 } Sum: 59
 Ciąg[59]: {  2 11  8  9 11  9  5  5  1  6  2  2  3  2  1 } Sum: 77
Trasa[58]: { 12  9  1  4  5 10 14  2  6  7 13 15  8  3 11 } Sum: 120
Trasa[59]: {  2 12  9 11 15 13  6  7  1 14  4  5 10  8  3 } Sum: 120
Krzyzowanie, punkt przeciecia = 12:
 Ciąg[58]: {  2 11  8  9 11  9  5  5  1  6  2  2  2  1  1 } Sum: 75
 Ciąg[59]: { 12  9  1  3  3  6  8  1  2  2  4  4  3  2  1 } Sum: 61
Trasa[58]: {  2 12  9 11 15 13  6  7  1 14  4  5  8  3 10 } Sum: 120
Trasa[59]: { 12  9  1  4  5 10 14  2  6  7 13 15 11  8  3 } Sum: 120
----------------------------------------------------------------
 Ciąg[59]: { 12  9  1  3  3  6  8  1  2  2  4  4  3  2  1 } Sum: 61
 Ciąg[60]: {  1  9  4  8  8  1  5  4  3  5  5  3  3  2  1 } Sum: 62
Trasa[59]: { 12  9  1  4  5 10 14  2  6  7 13 15 11  8  3 } Sum: 120
Trasa[60]: {  1 10  5 11 12  2  8  7  6 14 15  9 13  4  3 } Sum: 120
Krzyzowanie, punkt przeciecia = 7:
 Ciąg[59]: {  1  9  4  8  8  1  5  1  2  2  4  4  3  2  1 } Sum: 55
 Ciąg[60]: { 12  9  1  3  3  6  8  4  3  5  5  3  3  2  1 } Sum: 68
Trasa[59]: {  1 10  5 11 12  2  8  3  6  7 14 15 13  9  4 } Sum: 120
Trasa[60]: { 12  9  1  4  5 10 14  7  6 13 15  8 11  3  2 } Sum: 120
----------------------------------------------------------------
 Ciąg[60]: { 12  9  1  3  3  6  8  4  3  5  5  3  3  2  1 } Sum: 68
 Ciąg[61]: { 10  1  7  4  1  8  1  4  5  3  2  1  1  1  1 } Sum: 50
Trasa[60]: { 12  9  1  4  5 10 14  7  6 13 15  8 11  3  2 } Sum: 120
Trasa[61]: { 10  1  8  5  2 13  3  9 12  7  6  4 11 14 15 } Sum: 120
Krzyzowanie, punkt przeciecia = 5:
 Ciąg[60]: { 10  1  7  4  1  6  8  4  3  5  5  3  3  2  1 } Sum: 63
 Ciąg[61]: { 12  9  1  3  3  8  1  4  5  3  2  1  1  1  1 } Sum: 55
Trasa[60]: { 10  1  8  5  2 11 14  7  6 13 15  9 12  4  3 } Sum: 120
Trasa[61]: { 12  9  1  4  5 13  2  8 11  7  6  3 10 14 15 } Sum: 120
----------------------------------------------------------------
 Ciąg[61]: { 12  9  1  3  3  8  1  4  5  3  2  1  1  1  1 } Sum: 55
 Ciąg[62]: {  9  8  9 10  9  4  1  1  7  1  2  2  2  2  1 } Sum: 68
Trasa[61]: { 12  9  1  4  5 13  2  8 11  7  6  3 10 14 15 } Sum: 120
Trasa[62]: {  9  8 11 13 12  4  1  2 15  3  6  7 10 14  5 } Sum: 120
Krzyzowanie, punkt przeciecia = 5:
 Ciąg[61]: {  9  8  9 10  9  8  1  4  5  3  2  1  1  1  1 } Sum: 72
 Ciąg[62]: { 12  9  1  3  3  4  1  1  7  1  2  2  2  2  1 } Sum: 51
Trasa[61]: {  9  8 11 13 12 10  1  5  7  4  3  2  6 14 15 } Sum: 120
Trasa[62]: { 12  9  1  4  5  7  2  3 15  6 10 11 13 14  8 } Sum: 120
----------------------------------------------------------------
 Ciąg[62]: { 12  9  1  3  3  4  1  1  7  1  2  2  2  2  1 } Sum: 51
 Ciąg[63]: {  6 12 11  5  2  9  9  1  4  1  3  1  2  2  1 } Sum: 69
Trasa[62]: { 12  9  1  4  5  7  2  3 15  6 10 11 13 14  8 } Sum: 120
Trasa[63]: {  6 13 12  5  2 14 15  1  8  3  9  4 10 11  7 } Sum: 120
Krzyzowanie, punkt przeciecia = 9:
 Ciąg[62]: {  6 12 11  5  2  9  9  1  4  1  2  2  2  2  1 } Sum: 69
 Ciąg[63]: { 12  9  1  3  3  4  1  1  7  1  3  1  2  2  1 } Sum: 51
Trasa[62]: {  6 13 12  5  2 14 15  1  8  3  7  9 10 11  4 } Sum: 120
Trasa[63]: { 12  9  1  4  5  7  2  3 15  6 11  8 13 14 10 } Sum: 120
----------------------------------------------------------------
 Ciąg[63]: { 12  9  1  3  3  4  1  1  7  1  3  1  2  2  1 } Sum: 51
 Ciąg[64]: { 15 12  5  6  1  5  8  7  1  1  5  2  2  2  1 } Sum: 73
Trasa[63]: { 12  9  1  4  5  7  2  3 15  6 11  8 13 14 10 } Sum: 120
Trasa[64]: { 15 12  5  7  1  8 13 11  2  3 14  6  9 10  4 } Sum: 120
Krzyzowanie, punkt przeciecia = 3:
 Ciąg[63]: { 15 12  5  3  3  4  1  1  7  1  3  1  2  2  1 } Sum: 61
 Ciąg[64]: { 12  9  1  6  1  5  8  7  1  1  5  2  2  2  1 } Sum: 63
Trasa[63]: { 15 12  5  3  4  7  1  2 14  6 10  8 11 13  9 } Sum: 120
Trasa[64]: { 12  9  1  7  2  8 14 13  3  4 15  6 10 11  5 } Sum: 120
----------------------------------------------------------------
 Ciąg[64]: { 12  9  1  6  1  5  8  7  1  1  5  2  2  2  1 } Sum: 63
 Ciąg[65]: {  2  8  1  9  2  4  1  7  5  6  1  1  1  2  1 } Sum: 51
Trasa[64]: { 12  9  1  7  2  8 14 13  3  4 15  6 10 11  5 } Sum: 120
Trasa[65]: {  2  9  1 12  4  7  3 14 11 15  5  6  8 13 10 } Sum: 120
Krzyzowanie, punkt przeciecia = 1:
 Ciąg[64]: {  2  9  1  6  1  5  8  7  1  1  5  2  2  2  1 } Sum: 53
 Ciąg[65]: { 12  8  1  9  2  4  1  7  5  6  1  1  1  2  1 } Sum: 61
Trasa[64]: {  2 10  1  8  3  9 14 13  4  5 15  7 11 12  6 } Sum: 120
Trasa[65]: { 12  8  1 11  3  6  2 14 10 15  4  5  7 13  9 } Sum: 120
----------------------------------------------------------------
 Ciąg[65]: { 12  8  1  9  2  4  1  7  5  6  1  1  1  2  1 } Sum: 61
 Ciąg[66]: {  2  8  5  9  8  6  1  1  5  5  2  1  3  2  1 } Sum: 59
Trasa[65]: { 12  8  1 11  3  6  2 14 10 15  4  5  7 13  9 } Sum: 120
Trasa[66]: {  2  9  6 12 11  8  1  3 13 14  5  4 15 10  7 } Sum: 120
Krzyzowanie, punkt przeciecia = 3:
 Ciąg[65]: {  2  8  5  9  2  4  1  7  5  6  1  1  1  2  1 } Sum: 55
 Ciąg[66]: { 12  8  1  9  8  6  1  1  5  5  2  1  3  2  1 } Sum: 65
Trasa[65]: {  2  9  6 12  3  7  1 14 11 15  4  5  8 13 10 } Sum: 120
Trasa[66]: { 12  8  1 11 10  7  2  3 13 14  5  4 15  9  6 } Sum: 120
----------------------------------------------------------------
 Ciąg[66]: { 12  8  1  9  8  6  1  1  5  5  2  1  3  2  1 } Sum: 65
 Ciąg[67]: { 12 11  7  9  3  5  9  8  1  5  5  2  2  1  1 } Sum: 81
Trasa[66]: { 12  8  1 11 10  7  2  3 13 14  5  4 15  9  6 } Sum: 120
Trasa[67]: { 12 11  7 10  3  6 15 14  1  9 13  4  5  2  8 } Sum: 120
Krzyzowanie, punkt przeciecia = 10:
 Ciąg[66]: { 12 11  7  9  3  5  9  8  1  5  2  1  3  2  1 } Sum: 79
 Ciąg[67]: { 12  8  1  9  8  6  1  1  5  5  5  2  2  1  1 } Sum: 67
Trasa[66]: { 12 11  7 10  3  6 15 14  1  9  4  2 13  8  5 } Sum: 120
Trasa[67]: { 12  8  1 11 10  7  2  3 13 14 15  5  6  4  9 } Sum: 120
----------------------------------------------------------------
 Ciąg[67]: { 12  8  1  9  8  6  1  1  5  5  5  2  2  1  1 } Sum: 67
 Ciąg[68]: {  3  6  5 11  5  4  8  5  5  1  4  1  2  1  1 } Sum: 62
Trasa[67]: { 12  8  1 11 10  7  2  3 13 14 15  5  6  4  9 } Sum: 120
Trasa[68]: {  3  7  6 14  8  5 13 10 11  1 12  2  9  4 15 } Sum: 120
Krzyzowanie, punkt przeciecia = 12:
 Ciąg[67]: {  3  6  5 11  5  4  8  5  5  1  4  1  2  1  1 } Sum: 62
 Ciąg[68]: { 12  8  1  9  8  6  1  1  5  5  5  2  2  1  1 } Sum: 67
Trasa[67]: {  3  7  6 14  8  5 13 10 11  1 12  2  9  4 15 } Sum: 120
Trasa[68]: { 12  8  1 11 10  7  2  3 13 14 15  5  6  4  9 } Sum: 120
----------------------------------------------------------------
 Ciąg[68]: { 12  8  1  9  8  6  1  1  5  5  5  2  2  1  1 } Sum: 67
 Ciąg[69]: { 14  3  6  1  7  6  1  8  4  3  1  3  2  1  1 } Sum: 61
Trasa[68]: { 12  8  1 11 10  7  2  3 13 14 15  5  6  4  9 } Sum: 120
Trasa[69]: { 14  3  7  1 10  9  2 15  8  6  4 12 11  5 13 } Sum: 120
Krzyzowanie, punkt przeciecia = 11:
 Ciąg[68]: { 14  3  6  1  7  6  1  8  4  3  1  2  2  1  1 } Sum: 60
 Ciąg[69]: { 12  8  1  9  8  6  1  1  5  5  5  3  2  1  1 } Sum: 68
Trasa[68]: { 14  3  7  1 10  9  2 15  8  6  4 11 12  5 13 } Sum: 120
Trasa[69]: { 12  8  1 11 10  7  2  3 13 14 15  6  5  4  9 } Sum: 120
----------------------------------------------------------------
 Ciąg[69]: { 12  8  1  9  8  6  1  1  5  5  5  3  2  1  1 } Sum: 68
 Ciąg[70]: {  8 10 12  6  1  9  9  2  4  3  4  2  3  1  1 } Sum: 75
Trasa[69]: { 12  8  1 11 10  7  2  3 13 14 15  6  5  4  9 } Sum: 120
Trasa[70]: {  8 11 14  6  1 13 15  3  7  5 10  4 12  2  9 } Sum: 120
Krzyzowanie, punkt przeciecia = 4:
 Ciąg[69]: {  8 10 12  6  8  6  1  1  5  5  5  3  2  1  1 } Sum: 74
 Ciąg[70]: { 12  8  1  9  1  9  9  2  4  3  4  2  3  1  1 } Sum: 69
Trasa[69]: {  8 11 14  6 10  7  1  2 12 13 15  5  4  3  9 } Sum: 120
Trasa[70]: { 12  8  1 11  2 14 15  4  7  6 10  5 13  3  9 } Sum: 120
----------------------------------------------------------------
 Ciąg[70]: { 12  8  1  9  1  9  9  2  4  3  4  2  3  1  1 } Sum: 69
 Ciąg[71]: {  1  6  2  1 11 10  1  8  2  5  4  4  1  1  1 } Sum: 58
Trasa[70]: { 12  8  1 11  2 14 15  4  7  6 10  5 13  3  9 } Sum: 120
Trasa[71]: {  1  7  3  2 15 14  4 13  6 11 10 12  5  8  9 } Sum: 120
Krzyzowanie, punkt przeciecia = 7:
 Ciąg[70]: {  1  6  2  1 11 10  1  2  4  3  4  2  3  1  1 } Sum: 52
 Ciąg[71]: { 12  8  1  9  1  9  9  8  2  5  4  4  1  1  1 } Sum: 75
Trasa[70]: {  1  7  3  2 15 14  4  6 10  9 12  8 13  5 11 } Sum: 120
Trasa[71]: { 12  8  1 11  2 14 15 13  4  9  7 10  3  5  6 } Sum: 120
----------------------------------------------------------------
 Ciąg[71]: { 12  8  1  9  1  9  9  8  2  5  4  4  1  1  1 } Sum: 75
 Ciąg[72]: { 15 14 11  9  9  7  1  1  2  2  1  3  1  2  1 } Sum: 79
Trasa[71]: { 12  8  1 11  2 14 15 13  4  9  7 10  3  5  6 } Sum: 120
Trasa[72]: { 15 14 11  9 10  7  1  2  4  5  3 12  6 13  8 } Sum: 120
Krzyzowanie, punkt przeciecia = 10:
 Ciąg[71]: { 15 14 11  9  9  7  1  1  2  2  4  4  1  1  1 } Sum: 82
 Ciąg[72]: { 12  8  1  9  1  9  9  8  2  5  1  3  1  2  1 } Sum: 72
Trasa[71]: { 15 14 11  9 10  7  1  2  4  5 12 13  3  6  8 } Sum: 120
Trasa[72]: { 12  8  1 11  2 14 15 13  4  9  3  7  5 10  6 } Sum: 120
----------------------------------------------------------------
 Ciąg[72]: { 12  8  1  9  1  9  9  8  2  5  1  3  1  2  1 } Sum: 72
 Ciąg[73]: { 11 14  5  4 10  9  8  1  3  6  4  3  1  2  1 } Sum: 82
Trasa[72]: { 12  8  1 11  2 14 15 13  4  9  3  7  5 10  6 } Sum: 120
Trasa[73]: { 11 15  5  4 13 12 10  1  6 14  8  7  2  9  3 } Sum: 120
Krzyzowanie, punkt przeciecia = 7:
 Ciąg[72]: { 11 14  5  4 10  9  8  8  2  5  1  3  1  2  1 } Sum: 84
 Ciąg[73]: { 12  8  1  9  1  9  9  1  3  6  4  3  1  2  1 } Sum: 70
Trasa[72]: { 11 15  5  4 13 12 10 14  2  8  1  7  3  9  6 } Sum: 120
Trasa[73]: { 12  8  1 11  2 14 15  3  6 13  9  7  4 10  5 } Sum: 120
----------------------------------------------------------------
 Ciąg[73]: { 12  8  1  9  1  9  9  1  3  6  4  3  1  2  1 } Sum: 70
 Ciąg[74]: {  7  1 11  1  9  7  3  5  5  1  3  1  1  1  1 } Sum: 57
Trasa[73]: { 12  8  1 11  2 14 15  3  6 13  9  7  4 10  5 } Sum: 120
Trasa[74]: {  7  1 13  2 12 10  5  9 11  3  8  4  6 14 15 } Sum: 120
Krzyzowanie, punkt przeciecia = 7:
 Ciąg[73]: {  7  1 11  1  9  7  3  1  3  6  4  3  1  2  1 } Sum: 60
 Ciąg[74]: { 12  8  1  9  1  9  9  5  5  1  3  1  1  1  1 } Sum: 67
Trasa[73]: {  7  1 13  2 12 10  5  3  8 15 11  9  4 14  6 } Sum: 120
Trasa[74]: { 12  8  1 11  2 14 15  7  9  3  6  4  5 10 13 } Sum: 120
----------------------------------------------------------------
 Ciąg[74]: { 12  8  1  9  1  9  9  5  5  1  3  1  1  1  1 } Sum: 67
 Ciąg[75]: {  3 13 13  4 10  4  2  3  4  3  1  2  2  2  1 } Sum: 67
Trasa[74]: { 12  8  1 11  2 14 15  7  9  3  6  4  5 10 13 } Sum: 120
Trasa[75]: {  3 14 15  5 12  6  2  7  9  8  1 10 11 13  4 } Sum: 120
Krzyzowanie, punkt przeciecia = 8:
 Ciąg[74]: {  3 13 13  4 10  4  2  3  5  1  3  1  1  1  1 } Sum: 65
 Ciąg[75]: { 12  8  1  9  1  9  9  5  4  3  1  2  2  2  1 } Sum: 69
Trasa[74]: {  3 14 15  5 12  6  2  7 10  1  9  4  8 11 13 } Sum: 120
Trasa[75]: { 12  8  1 11  2 14 15  7  6  5  3  9 10 13  4 } Sum: 120
----------------------------------------------------------------
 Ciąg[75]: { 12  8  1  9  1  9  9  5  4  3  1  2  2  2  1 } Sum: 69
 Ciąg[76]: { 10 13 12  3  6  5  6  2  3  1  5  2  2  1  1 } Sum: 72
Trasa[75]: { 12  8  1 11  2 14 15  7  6  5  3  9 10 13  4 } Sum: 120
Trasa[76]: { 10 14 13  3  7  6  9  2  5  1 15  8 11  4 12 } Sum: 120
Krzyzowanie, punkt przeciecia = 4:
 Ciąg[75]: { 10 13 12  3  1  9  9  5  4  3  1  2  2  2  1 } Sum: 77
 Ciąg[76]: { 12  8  1  9  6  5  6  2  3  1  5  2  2  1  1 } Sum: 64
Trasa[75]: { 10 14 13  3  1 12 15  7  6  5  2  8  9 11  4 } Sum: 120
Trasa[76]: { 12  8  1 11  7  6 10  3  5  2 15  9 13  4 14 } Sum: 120
----------------------------------------------------------------
 Ciąg[76]: { 12  8  1  9  6  5  6  2  3  1  5  2  2  1  1 } Sum: 64
 Ciąg[77]: {  6  4  9 10  7  9  8  4  7  3  4  3  2  1  1 } Sum: 78
Trasa[76]: { 12  8  1 11  7  6 10  3  5  2 15  9 13  4 14 } Sum: 120
Trasa[77]: {  6  4 11 13  9 14 12  5 15  3  8  7  2  1 10 } Sum: 120
Krzyzowanie, punkt przeciecia = 6:
 Ciąg[76]: {  6  4  9 10  7  9  6  2  3  1  5  2  2  1  1 } Sum: 68
 Ciąg[77]: { 12  8  1  9  6  5  8  4  7  3  4  3  2  1  1 } Sum: 74
Trasa[76]: {  6  4 11 13  9 14  8  2  5  1 15  7 10  3 12 } Sum: 120
Trasa[77]: { 12  8  1 11  7  6 14  5 15  4 10  9  3  2 13 } Sum: 120
----------------------------------------------------------------
 Ciąg[77]: { 12  8  1  9  6  5  8  4  7  3  4  3  2  1  1 } Sum: 74
 Ciąg[78]: {  9  7  1  5  3  4  8  6  1  3  3  3  2  1  1 } Sum: 57
Trasa[77]: { 12  8  1 11  7  6 14  5 15  4 10  9  3  2 13 } Sum: 120
Trasa[78]: {  9  7  1  6  4  8 14 12  2 10 11 13  5  3 15 } Sum: 120
Krzyzowanie, punkt przeciecia = 5:
 Ciąg[77]: {  9  7  1  5  3  5  8  4  7  3  4  3  2  1  1 } Sum: 63
 Ciąg[78]: { 12  8  1  9  6  4  8  6  1  3  3  3  2  1  1 } Sum: 68
Trasa[77]: {  9  7  1  6  4 10 14  8 15  5 12 11  3  2 13 } Sum: 120
Trasa[78]: { 12  8  1 11  7  5 14 10  2  6  9 13  4  3 15 } Sum: 120
----------------------------------------------------------------
 Ciąg[78]: { 12  8  1  9  6  4  8  6  1  3  3  3  2  1  1 } Sum: 68
 Ciąg[79]: {  8 13  6  6  1 10  9  2  5  2  4  3  1  1  1 } Sum: 72
Trasa[78]: { 12  8  1 11  7  5 14 10  2  6  9 13  4  3 15 } Sum: 120
Trasa[79]: {  8 14  6  7  1 15 13  3 10  4 11  9  2  5 12 } Sum: 120
Krzyzowanie, punkt przeciecia = 6:
 Ciąg[78]: {  8 13  6  6  1 10  8  6  1  3  3  3  2  1  1 } Sum: 72
 Ciąg[79]: { 12  8  1  9  6  4  9  2  5  2  4  3  1  1  1 } Sum: 68
Trasa[78]: {  8 14  6  7  1 15 12 10  2  5  9 11  4  3 13 } Sum: 120
Trasa[79]: { 12  8  1 11  7  5 15  3 10  4 13  9  2  6 14 } Sum: 120
----------------------------------------------------------------
 Ciąg[79]: { 12  8  1  9  6  4  9  2  5  2  4  3  1  1  1 } Sum: 68
 Ciąg[80]: { 14  7  6 10  2  5  6  8  1  3  1  1  2  2  1 } Sum: 69
Trasa[79]: { 12  8  1 11  7  5 15  3 10  4 13  9  2  6 14 } Sum: 120
Trasa[80]: { 14  7  6 12  2  8 10 15  1  5  3  4 11 13  9 } Sum: 120
Krzyzowanie, punkt przeciecia = 4:
 Ciąg[79]: { 14  7  6 10  6  4  9  2  5  2  4  3  1  1  1 } Sum: 75
 Ciąg[80]: { 12  8  1  9  2  5  6  8  1  3  1  1  2  2  1 } Sum: 62
Trasa[79]: { 14  7  6 12  8  4 15  2 10  3 11  9  1  5 13 } Sum: 120
Trasa[80]: { 12  8  1 11  3  7 10 15  2  6  4  5 13 14  9 } Sum: 120
----------------------------------------------------------------
 Ciąg[80]: { 12  8  1  9  2  5  6  8  1  3  1  1  2  2  1 } Sum: 62
 Ciąg[81]: {  2  5  3 12  5  8  8  1  7  2  4  2  1  1  1 } Sum: 62
Trasa[80]: { 12  8  1 11  3  7 10 15  2  6  4  5 13 14  9 } Sum: 120
Trasa[81]: {  2  6  4 15  8 12 13  1 14  5 10  7  3  9 11 } Sum: 120
Krzyzowanie, punkt przeciecia = 7:
 Ciąg[80]: {  2  5  3 12  5  8  8  8  1  3  1  1  2  2  1 } Sum: 62
 Ciąg[81]: { 12  8  1  9  2  5  6  1  7  2  4  2  1  1  1 } Sum: 62
Trasa[80]: {  2  6  4 15  8 12 13 14  1  7  3  5 10 11  9 } Sum: 120
Trasa[81]: { 12  8  1 11  3  7 10  2 15  5 13  6  4  9 14 } Sum: 120
----------------------------------------------------------------
 Ciąg[81]: { 12  8  1  9  2  5  6  1  7  2  4  2  1  1  1 } Sum: 62
 Ciąg[82]: { 12 10  9  8  3  7  8  6  7  5  3  4  2  2  1 } Sum: 87
Trasa[81]: { 12  8  1 11  3  7 10  2 15  5 13  6  4  9 14 } Sum: 120
Trasa[82]: { 12 10  9  8  3 11 14  7 15  6  4 13  2  5  1 } Sum: 120
Krzyzowanie, punkt przeciecia = 10:
 Ciąg[81]: { 12 10  9  8  3  7  8  6  7  5  4  2  1  1  1 } Sum: 84
 Ciąg[82]: { 12  8  1  9  2  5  6  1  7  2  3  4  2  2  1 } Sum: 65
Trasa[81]: { 12 10  9  8  3 11 14  7 15  6  5  2  1  4 13 } Sum: 120
Trasa[82]: { 12  8  1 11  3  7 10  2 15  5  9 14  6 13  4 } Sum: 120
----------------------------------------------------------------
 Ciąg[82]: { 12  8  1  9  2  5  6  1  7  2  3  4  2  2  1 } Sum: 65
 Ciąg[83]: { 14  1  4 12  8  3  2  3  2  5  2  2  2  2  1 } Sum: 63
Trasa[82]: { 12  8  1 11  3  7 10  2 15  5  9 14  6 13  4 } Sum: 120
Trasa[83]: { 14  1  5 15 10  4  3  7  6 12  8  9 11 13  2 } Sum: 120
Krzyzowanie, punkt przeciecia = 7:
 Ciąg[82]: { 14  1  4 12  8  3  2  1  7  2  3  4  2  2  1 } Sum: 66
 Ciąg[83]: { 12  8  1  9  2  5  6  3  2  5  2  2  2  2  1 } Sum: 62
Trasa[82]: { 14  1  5 15 10  4  3  2 13  7  9 12  8 11  6 } Sum: 120
Trasa[83]: { 12  8  1 11  3  7 10  5  4 14  6  9 13 15  2 } Sum: 120
----------------------------------------------------------------
 Ciąg[83]: { 12  8  1  9  2  5  6  3  2  5  2  2  2  2  1 } Sum: 62
 Ciąg[84]: {  8  2  1  9  4  3  1  3  6  3  5  3  3  1  1 } Sum: 53
Trasa[83]: { 12  8  1 11  3  7 10  5  4 14  6  9 13 15  2 } Sum: 120
Trasa[84]: {  8  2  1 12  6  5  3  9 14 10 15 11 13  4  7 } Sum: 120
Krzyzowanie, punkt przeciecia = 9:
 Ciąg[83]: {  8  2  1  9  4  3  1  3  6  5  2  2  2  2  1 } Sum: 51
 Ciąg[84]: { 12  8  1  9  2  5  6  3  2  3  5  3  3  1  1 } Sum: 64
Trasa[83]: {  8  2  1 12  6  5  3  9 14 13  7 10 11 15  4 } Sum: 120
Trasa[84]: { 12  8  1 11  3  7 10  5  4  9 15 13 14  2  6 } Sum: 120
----------------------------------------------------------------
 Ciąg[84]: { 12  8  1  9  2  5  6  3  2  3  5  3  3  1  1 } Sum: 64
 Ciąg[85]: {  6  5  5  5  4  3  2  8  1  5  4  4  1  1  1 } Sum: 55
Trasa[84]: { 12  8  1 11  3  7 10  5  4  9 15 13 14  2  6 } Sum: 120
Trasa[85]: {  6  5  7  8  4  3  2 15  1 13 12 14  9 10 11 } Sum: 120
Krzyzowanie, punkt przeciecia = 2:
 Ciąg[84]: {  6  5  1  9  2  5  6  3  2  3  5  3  3  1  1 } Sum: 55
 Ciąg[85]: { 12  8  5  5  4  3  2  8  1  5  4  4  1  1  1 } Sum: 64
Trasa[84]: {  6  5  1 12  3  9 11  7  4 10 15 13 14  2  8 } Sum: 120
Trasa[85]: { 12  8  5  6  4  3  2 15  1 13 11 14  7  9 10 } Sum: 120
----------------------------------------------------------------
 Ciąg[85]: { 12  8  5  5  4  3  2  8  1  5  4  4  1  1  1 } Sum: 64
 Ciąg[86]: {  9 13  6 11  3 10  2  7  6  6  4  1  2  2  1 } Sum: 83
Trasa[85]: { 12  8  5  6  4  3  2 15  1 13 11 14  7  9 10 } Sum: 120
Trasa[86]: {  9 14  6 13  3 15  2 11 10 12  7  1  5  8  4 } Sum: 120
Krzyzowanie, punkt przeciecia = 6:
 Ciąg[85]: {  9 13  6 11  3 10  2  8  1  5  4  4  1  1  1 } Sum: 79
 Ciąg[86]: { 12  8  5  5  4  3  2  7  6  6  4  1  2  2  1 } Sum: 68
Trasa[85]: {  9 14  6 13  3 15  2 12  1 10  8 11  4  5  7 } Sum: 120
Trasa[86]: { 12  8  5  6  4  3  2 14 13 15 10  1  9 11  7 } Sum: 120
----------------------------------------------------------------
 Ciąg[86]: { 12  8  5  5  4  3  2  7  6  6  4  1  2  2  1 } Sum: 68
 Ciąg[87]: {  4 12  2 11  5  7  1  7  4  6  5  1  3  1  1 } Sum: 70
Trasa[86]: { 12  8  5  6  4  3  2 14 13 15 10  1  9 11  7 } Sum: 120
Trasa[87]: {  4 13  2 14  7 10  1 12  8 15 11  3  9  5  6 } Sum: 120
Krzyzowanie, punkt przeciecia = 1:
 Ciąg[86]: {  4  8  5  5  4  3  2  7  6  6  4  1  2  2  1 } Sum: 60
 Ciąg[87]: { 12 12  2 11  5  7  1  7  4  6  5  1  3  1  1 } Sum: 78
Trasa[86]: {  4  9  6  7  5  3  2 14 13 15 11  1 10 12  8 } Sum: 120
Trasa[87]: { 12 13  2 14  6  9  1 11  7 15 10  3  8  4  5 } Sum: 120
----------------------------------------------------------------
 Ciąg[87]: { 12 12  2 11  5  7  1  7  4  6  5  1  3  1  1 } Sum: 78
 Ciąg[88]: {  1  5 13  5  1  7  8  8  1  1  3  4  1  1  1 } Sum: 60
Trasa[87]: { 12 13  2 14  6  9  1 11  7 15 10  3  8  4  5 } Sum: 120
Trasa[88]: {  1  6 15  7  2 11 13 14  3  4  9 12  5  8 10 } Sum: 120
Krzyzowanie, punkt przeciecia = 3:
 Ciąg[87]: {  1  5 13 11  5  7  1  7  4  6  5  1  3  1  1 } Sum: 71
 Ciąg[88]: { 12 12  2  5  1  7  8  8  1  1  3  4  1  1  1 } Sum: 67
Trasa[87]: {  1  6 15 13  7 10  2 12  8 14 11  3  9  4  5 } Sum: 120
Trasa[88]: { 12 13  2  6  1 10 14 15  3  4  8 11  5  7  9 } Sum: 120
----------------------------------------------------------------
 Ciąg[88]: { 12 12  2  5  1  7  8  8  1  1  3  4  1  1  1 } Sum: 67
 Ciąg[89]: { 10  7 10  2  8  7  7  2  5  6  3  3  2  2  1 } Sum: 75
Trasa[88]: { 12 13  2  6  1 10 14 15  3  4  8 11  5  7  9 } Sum: 120
Trasa[89]: { 10  7 12  2 11  9 13  3  8 15  5  6  4 14  1 } Sum: 120
Krzyzowanie, punkt przeciecia = 7:
 Ciąg[88]: { 10  7 10  2  8  7  7  8  1  1  3  4  1  1  1 } Sum: 71
 Ciąg[89]: { 12 12  2  5  1  7  8  2  5  6  3  3  2  2  1 } Sum: 71
Trasa[88]: { 10  7 12  2 11  9 13 15  1  3  6 14  4  5  8 } Sum: 120
Trasa[89]: { 12 13  2  6  1 10 14  4  9 15  7  8  5 11  3 } Sum: 120
----------------------------------------------------------------
 Ciąg[89]: { 12 12  2  5  1  7  8  2  5  6  3  3  2  2  1 } Sum: 71
 Ciąg[90]: {  7  8 12  2  4  8  8  4  7  2  1  4  3  1  1 } Sum: 72
Trasa[89]: { 12 13  2  6  1 10 14  4  9 15  7  8  5 11  3 } Sum: 120
Trasa[90]: {  7  9 14  2  5 12 13  6 15  3  1 11 10  4  8 } Sum: 120
Krzyzowanie, punkt przeciecia = 5:
 Ciąg[89]: {  7  8 12  2  4  7  8  2  5  6  3  3  2  2  1 } Sum: 72
 Ciąg[90]: { 12 12  2  5  1  8  8  4  7  2  1  4  3  1  1 } Sum: 71
Trasa[89]: {  7  9 14  2  5 11 13  3 10 15  6  8  4 12  1 } Sum: 120
Trasa[90]: { 12 13  2  6  1 11 14  7 15  4  3 10  9  5  8 } Sum: 120
----------------------------------------------------------------
 Ciąg[90]: { 12 12  2  5  1  8  8  4  7  2  1  4  3  1  1 } Sum: 71
 Ciąg[91]: { 11  2  6  7  5  6  2  8  1  5  3  1  3  2  1 } Sum: 63
Trasa[90]: { 12 13  2  6  1 11 14  7 15  4  3 10  9  5  8 } Sum: 120
Trasa[91]: { 11  2  7  9  6 10  3 15  1 13  8  4 14 12  5 } Sum: 120
Krzyzowanie, punkt przeciecia = 3:
 Ciąg[90]: { 11  2  6  5  1  8  8  4  7  2  1  4  3  1  1 } Sum: 64
 Ciąg[91]: { 12 12  2  7  5  6  2  8  1  5  3  1  3  2  1 } Sum: 70
Trasa[90]: { 11  2  7  6  1 13 14  8 15  4  3 12 10  5  9 } Sum: 120
Trasa[91]: { 12 13  2  8  6  9  3 15  1 11  7  4 14 10  5 } Sum: 120
----------------------------------------------------------------
 Ciąg[91]: { 12 12  2  7  5  6  2  8  1  5  3  1  3  2  1 } Sum: 70
 Ciąg[92]: { 11  2 12  6  4  1  4  5  1  3  4  3  2  1  1 } Sum: 60
Trasa[91]: { 12 13  2  8  6  9  3 15  1 11  7  4 14 10  5 } Sum: 120
Trasa[92]: { 11  2 14  7  5  1  8 10  3  9 13 12  6  4 15 } Sum: 120
Krzyzowanie, punkt przeciecia = 11:
 Ciąg[91]: { 11  2 12  6  4  1  4  5  1  3  4  1  3  2  1 } Sum: 60
 Ciąg[92]: { 12 12  2  7  5  6  2  8  1  5  3  3  2  1  1 } Sum: 70
Trasa[91]: { 11  2 14  7  5  1  8 10  3  9 13  4 15 12  6 } Sum: 120
Trasa[92]: { 12 13  2  8  6  9  3 15  1 11  7 10  5  4 14 } Sum: 120
----------------------------------------------------------------
 Ciąg[92]: { 12 12  2  7  5  6  2  8  1  5  3  3  2  1  1 } Sum: 70
 Ciąg[93]: {  9  6 13 11 10  4  5  5  4  6  1  4  2  1  1 } Sum: 82
Trasa[92]: { 12 13  2  8  6  9  3 15  1 11  7 10  5  4 14 } Sum: 120
Trasa[93]: {  9  6 15 13 12  4  7  8  5 14  1 11  3  2 10 } Sum: 120
Krzyzowanie, punkt przeciecia = 3:
 Ciąg[92]: {  9  6 13  7  5  6  2  8  1  5  3  3  2  1  1 } Sum: 72
 Ciąg[93]: { 12 12  2 11 10  4  5  5  4  6  1  4  2  1  1 } Sum: 80
Trasa[92]: {  9  6 15  8  5 10  2 14  1 12  7 11  4  3 13 } Sum: 120
Trasa[93]: { 12 13  2 14 11  5  7  8  6 15  1 10  4  3  9 } Sum: 120
----------------------------------------------------------------
 Ciąg[93]: { 12 12  2 11 10  4  5  5  4  6  1  4  2  1  1 } Sum: 80
 Ciąg[94]: {  7  1 10  3 11 10  7  7  3  5  3  3  3  1  1 } Sum: 75
Trasa[93]: { 12 13  2 14 11  5  7  8  6 15  1 10  4  3  9 } Sum: 120
Trasa[94]: {  7  1 12  4 15 14 10 11  5  9  6  8 13  2  3 } Sum: 120
Krzyzowanie, punkt przeciecia = 6:
 Ciąg[93]: {  7  1 10  3 11 10  5  5  4  6  1  4  2  1  1 } Sum: 71
 Ciąg[94]: { 12 12  2 11 10  4  7  7  3  5  3  3  3  1  1 } Sum: 84
Trasa[93]: {  7  1 12  4 15 14  8  9  6 13  2 11  5  3 10 } Sum: 120
Trasa[94]: { 12 13  2 14 11  5  9 10  4  8  6  7 15  1  3 } Sum: 120
----------------------------------------------------------------
 Ciąg[94]: { 12 12  2 11 10  4  7  7  3  5  3  3  3  1  1 } Sum: 84
 Ciąg[95]: { 15  1 12 11 10  1  4  6  7  4  1  2  1  1  1 } Sum: 77
Trasa[94]: { 12 13  2 14 11  5  9 10  4  8  6  7 15  1  3 } Sum: 120
Trasa[95]: { 15  1 13 12 11  2  6  9 14  7  3  5  4  8 10 } Sum: 120
Krzyzowanie, punkt przeciecia = 4:
 Ciąg[94]: { 15  1 12 11 10  4  7  7  3  5  3  3  3  1  1 } Sum: 86
 Ciąg[95]: { 12 12  2 11 10  1  4  6  7  4  1  2  1  1  1 } Sum: 75
Trasa[94]: { 15  1 13 12 11  5  9 10  4  8  6  7 14  2  3 } Sum: 120
Trasa[95]: { 12 13  2 14 11  1  6  9 15  7  3  5  4  8 10 } Sum: 120
----------------------------------------------------------------
 Ciąg[95]: { 12 12  2 11 10  1  4  6  7  4  1  2  1  1  1 } Sum: 75
 Ciąg[96]: { 11 13  4  6  6 10  1  1  5  3  3  3  2  2  1 } Sum: 71
Trasa[95]: { 12 13  2 14 11  1  6  9 15  7  3  5  4  8 10 } Sum: 120
Trasa[96]: { 11 14  4  7  8 15  1  2 10  6  9 12  5 13  3 } Sum: 120
Krzyzowanie, punkt przeciecia = 8:
 Ciąg[95]: { 11 13  4  6  6 10  1  1  7  4  1  2  1  1  1 } Sum: 69
 Ciąg[96]: { 12 12  2 11 10  1  4  6  5  3  3  3  2  2  1 } Sum: 77
Trasa[95]: { 11 14  4  7  8 15  1  2 13  9  3  6  5 10 12 } Sum: 120
Trasa[96]: { 12 13  2 14 11  1  6  9  8  5  7 10  4 15  3 } Sum: 120
----------------------------------------------------------------
 Ciąg[96]: { 12 12  2 11 10  1  4  6  5  3  3  3  2  2  1 } Sum: 77
 Ciąg[97]: {  1  3  4  3  6  4  6  4  1  2  5  3  1  2  1 } Sum: 46
Trasa[96]: { 12 13  2 14 11  1  6  9  8  5  7 10  4 15  3 } Sum: 120
Trasa[97]: {  1  4  6  5 10  8 12  9  2  7 15 13  3 14 11 } Sum: 120
Krzyzowanie, punkt przeciecia = 1:
 Ciąg[96]: {  1 12  2 11 10  1  4  6  5  3  3  3  2  2  1 } Sum: 66
 Ciąg[97]: { 12  3  4  3  6  4  6  4  1  2  5  3  1  2  1 } Sum: 57
Trasa[96]: {  1 13  3 14 12  2  7 10  9  6  8 11  5 15  4 } Sum: 120
Trasa[97]: { 12  3  5  4  9  7 11  8  1  6 15 13  2 14 10 } Sum: 120
----------------------------------------------------------------
 Ciąg[97]: { 12  3  4  3  6  4  6  4  1  2  5  3  1  2  1 } Sum: 57
 Ciąg[98]: {  3  2  1  8  8  7  1  4  4  1  1  4  1  2  1 } Sum: 48
Trasa[97]: { 12  3  5  4  9  7 11  8  1  6 15 13  2 14 10 } Sum: 120
Trasa[98]: {  3  2  1 11 12 10  4  8  9  5  6 15  7 14 13 } Sum: 120
Krzyzowanie, punkt przeciecia = 11:
 Ciąg[97]: {  3  2  1  8  8  7  1  4  4  1  1  3  1  2  1 } Sum: 47
 Ciąg[98]: { 12  3  4  3  6  4  6  4  1  2  5  4  1  2  1 } Sum: 58
Trasa[97]: {  3  2  1 11 12 10  4  8  9  5  6 14  7 15 13 } Sum: 120
Trasa[98]: { 12  3  5  4  9  7 11  8  1  6 15 14  2 13 10 } Sum: 120
----------------------------------------------------------------
 Ciąg[98]: { 12  3  4  3  6  4  6  4  1  2  5  4  1  2  1 } Sum: 58
 Ciąg[99]: {  5  7  5  3  7  7  7  6  2  6  5  4  2  1  1 } Sum: 68
Trasa[98]: { 12  3  5  4  9  7 11  8  1  6 15 14  2 13 10 } Sum: 120
Trasa[99]: {  5  8  6  3 11 12 13 10  2 15 14  9  4  1  7 } Sum: 120
Krzyzowanie, punkt przeciecia = 6:
 Ciąg[98]: {  5  7  5  3  7  7  6  4  1  2  5  4  1  2  1 } Sum: 60
 Ciąg[99]: { 12  3  4  3  6  4  7  6  2  6  5  4  2  1  1 } Sum: 66
Trasa[98]: {  5  8  6  3 11 12 10  7  1  4 15 14  2 13  9 } Sum: 120
Trasa[99]: { 12  3  5  4  9  7 13 11  2 15 14 10  6  1  8 } Sum: 120
